
----------------------------------------------------------------------------------------------------------
                                                  PROGRAM CHAMP
                                                 version 3.08.00
----------------------------------------------------------------------------------------------------------

GIT commit 943eb0a47f4c9c704c1c91221ca538393c7a6243, Date:   Mon Aug 29 10:17:55 2016 +0200
Compiled by mussard on Wed Sep  7 12:00:23 CEST 2016 on host antares
Executed by mussard on 2016-09-07 12:13:33 (+0200) on master host 
Executable: /home/mussard/softwares/champ/qmc/champ.exe
Command line arguments: -p -m vmc_mov1
Run in mode >vmc_mov1<


Beginning of control menu --------------------------------------------------------------------------------
 type of system: finite system
 trial energy =   -14.620000

 random number seed = 1837465927472523
 number of steps per block              =         10
 number of blocks after equilibration   =         10
 number of blocks before equilibration  =          1
 number of configurations saved         =     0
 number of walkers initialized to        1

 version of Metropolis  =          6
 step size              =    1.00000
 radial step multiplier =    5.00000
 cos(theta) step size   =    1.00000
 force bias             =    1.00000
End of control menu --------------------------------------------------------------------------------------

Beginning of nuclei menu ---------------------------------------------------------------------------------
 system of dimension 3
 number of atomic center types =   1
 number of atomic centers =     1
 geometry:
                  type  charge            cartesian coordinates
 nucleus #    1:    1     4.0        0.000000    0.000000    0.000000

 type of external potential: nloc=    0
 Nuclear potential energy =     0.0000000
End of nuclei menu ---------------------------------------------------------------------------------------

Beginning of wavefunction menu ---------------------------------------------------------------------------
 numbers of total     electrons =     4
 numbers of spin-up   electrons =     2
 numbers of spin-down electrons =     2
End of wavefunction menu ---------------------------------------------------------------------------------

Beginning of basis menu ----------------------------------------------------------------------------------
 use localized basis functions (ibasis=1)
 numr=   -3
 analytical radial basis functions used
 the analytical basis functions are Slater functions

 number of basis functions =     8
 number of analytical basis functions =     8

 center type #     1
 function #     1:     1s       exponent =     6.285179
 function #     2:     1s       exponent =     3.455497
 function #     3:     2s       exponent =     2.774117
 function #     4:     2s       exponent =     1.192734
 function #     5:     2s       exponent =     0.824535
 function #     6:    2px       exponent =     0.986656
 function #     7:    2py       exponent =     0.986656
 function #     8:    2pz       exponent =     0.986656
 not using recursion for spherical harmonics
End of basis menu ----------------------------------------------------------------------------------------

Beginning of orbitals menu -------------------------------------------------------------------------------
 number of orbitals =     8
 orbital coefficients:
  0.093369  0.915836  0.005504 -0.006041 -0.006733  0.000000  0.000000  0.000000
 -0.014480 -0.163225 -0.083169  0.624494  0.459069  0.000000  0.000000  0.000000
  0.000000  0.000000  0.000000  0.000000  0.000000  0.000000  0.000000  1.000000
  0.000000  0.000000  0.000000  0.000000  0.000000  1.000000  0.000000  0.000000
  0.000000  0.000000  0.000000  0.000000  0.000000  0.000000  1.000000  0.000000
 -0.143342  0.128868 -0.647442  3.321945 -2.986689  0.000000  0.000000  0.000000
  0.916555 -2.721666  3.370485 -3.005751  1.736059  0.000000  0.000000  0.000000
 -4.045617  5.658976 -3.236422  1.782572 -0.988422  0.000000  0.000000  0.000000
End of orbitals menu -------------------------------------------------------------------------------------

Beginning of csfs menu -----------------------------------------------------------------------------------
Normalized CSF coefs=  0.982296 -0.187337
Initial CSF rotation coefs=  0.188450
 number of determinants =     4
 determinants have orbitals (spin-up | spin-down):
 det #     1:    1   2  |   1   2
 det #     2:    1   4  |   1   4
 det #     3:    1   5  |   1   5
 det #     4:    1   3  |   1   3
 number of unique spin-up   determinants =     4
 number of unique spin-down determinants =     4
 unique spin-up determinants have orbitals:
 det #     1:    1   2
 det #     2:    1   4
 det #     3:    1   5
 det #     4:    1   3
 unique spin-down determinants have orbitals:
 det #     1:    1   2
 det #     2:    1   4
 det #     3:    1   5
 det #     4:    1   3

 number of CSFs =     2
 CSF coefficients =   0.982296 -0.187337
 sum of square of CSF coefficients =   1.000000
 CSF #     1
 determinants in CSF:   1
 coefficients: 1.00000
 CSF #     2
 determinants in CSF:   2   3   4
 coefficients: 1.00000 1.00000 1.00000

 Orbital occupation information:
 There are   8 total    orbitals
 There are   5 occupied orbitals of indexes:   1   2   3   4   5
 There are   1 closed   orbitals of indexes:   1
 There are   4 active   orbitals of indexes:   2   3   4   5
 There are   0 open     orbitals of indexes:
 There are   3 virtual  orbitals of indexes:   6   7   8
 Last occupied orbital has index   5
 Number of computed orbitals initialized to        5
End of csfs menu -----------------------------------------------------------------------------------------

Beginning of jastrow menu --------------------------------------------------------------------------------
 type of Jastrow factor: ijas=   4
 type of scaling function: isc=   4
 starting spin index: nspin1=   1
 ending   spin index: nspin2=   1
 order of polynomial: nord=   5
 Fock terms: ifock=   0
 analytic Laplacian: ianalyt_lap=   1
 order of e-n polynomial: norda=    5
 order of e-e polynomial: nordb=    5
 order of e-e-n polynomial: nordc=    5
 scale factor: scalek=   0.80000
 a21=   0.00000
 e-n terms: a=  0.000000  0.000000  0.000000  0.000000  0.000000  0.000000
 e-e terms: b=  0.500000  1.000000  0.000000  0.000000  0.000000  0.000000
 e-e-n terms: c=  0.000000  0.000000  0.000000  0.000000  0.000000  0.000000  0.000000  0.000000  0.000000  0.000000  0.000000  0.000000  0.000000  0.000000  0.000000  0.000000  0.000000  0.000000  0.000000  0.000000  0.000000  0.000000  0.000000
End of jastrow menu --------------------------------------------------------------------------------------

Beginning of linearresponse menu -------------------------------------------------------------------------
 Requested parameter types: jastrow   csfs      orbitals  

 Orbital parameter information:
 Constructing list of single orbital excitations checking for redundancies...
   Timing of the different steps:
     Det:      0.000
     CSFa:     0.000
     CSFb:     0.000  <- usually the most demanding
     CSFc:     0.000
     WF:       0.000
     DPSI:     0.000
     Total:    0.000
     Sort:     0.000
   Max of the array dimensions versus actual dimensions (and ratio):
     single_ex:        64       7       9
     det_ex:           20      18       1
     csf_ex_unq:      160      10      16
     det_in_csf:       10       2       5
     csf_in_wf:         2       1       2
     csf_in_dpsi:       4       1       4
     wf_unq:           64       1      64
     dpsi_unq:         64       1      64
 Number of single orbital excitations =          7
 Number of orbital derivatives        =          7
 Number of orbitals involved          =          5
 Number of unique spin-up   excited determinants =         18
 Number of unique spin-down excited determinants =         18
 Number of computed orbitals will be        8

 Number of Jastrow parameters:      24
 Number of periodic Jastrow parameters:     0
 Number of CSF parameters:           1
 Number of orbital parameters:       7
 Number of exponent parameters:      0
 Number of geometry parameters:      0
 Total number of parameters:        32

 main_det           1           1  0.98229579353660101     
 orb_occ_up           1           2
 orb_vir_up           3           4           5           6           7           8
 orb_occ_dn           1           2
 orb_vir_dn           3           4           5           6           7           8
 orb_occ_rev_up           1           2           0           0           0           0           0           0
 orb_vir_rev_up           0           0           1           2           3           4           5           6
 orb_occ_rev_dn           1           2           0           0           0           0           0           0
 orb_vir_rev_dn           0           0           1           2           3           4           5           6
 ex_order_up_max           1
 det_unq_up           1           0           0           0           0           0           0           0           0           0           0           0
 det_unq_up           2           1           2           0           0           0           0           4           0           0           0           0
 det_unq_up           3           1           2           0           0           0           0           5           0           0           0           0
 det_unq_up           4           1           2           0           0           0           0           3           0           0           0           0
 ex_order_dn_max           1
 det_unq_dn           1           0           0           0           0           0           0           0           0           0           0           0
 det_unq_dn           2           1           2           0           0           0           0           4           0           0           0           0
 det_unq_dn           3           1           2           0           0           0           0           5           0           0           0           0
 det_unq_dn           4           1           2           0           0           0           0           3           0           0           0           0
End of linearresponse menu -------------------------------------------------------------------------------

************************************** LINEAR-RESPONSE CALCULATION ***************************************
1 configuration for  4 electrons has been generated by routine sites.
sites:   -0.313319    0.628839   -0.208193   -0.881718   -0.193128    0.281660    0.605008   -0.230834   -0.536871   -0.024506   -0.056022   -0.310910

***************************************** START VMC CALCULATION ******************************************

The following averages will be calculated:
- dpsi_av                                            = average of dpsi
- dpsi_eloc_av                                       = average of dpsi_eloc
- dpsi_dpsi_av                                       = average of dpsi_dpsi
- dpsi_dpsi_eloc_av                                  = average of dpsi_dpsi_eloc
- deloc_av                                           = average of deloc
- dpsi_deloc_av                                      = average of dpsi_deloc
- eloc_av                                            = average of eloc
- eloc_sq_av                                         = average of eloc_sq

The following variances will be calculated:
- object  405                                        = variance of average tda_av_eigenval_r
- object  407                                        = variance of average tda_av_eigenval_i
- eloc_av_var                                        = variance of average eloc_av
- object   42                                        = variance of average sigma

The following statistical errors will be calculated:
- tda_av_eigenval_r_err                              = statistical error of average tda_av_eigenval_r
- tda_av_eigenval_i_err                              = statistical error of average tda_av_eigenval_i
- error_sigma                                        = statistical error of average sigma

Beginning of equilibration (total CPU time is       0.03 s, CPU time since last check is       0.03 s)
    enow      eave  (eerr )    peave (peerr)    tpbave(tpberr    tjfave(tjferr    fave  (ferr)     accave     iter     sigma
 -15.10477 -15.10477(    0) -45.26187(    0)  30.15710(    0)  21.97741(    0)                    0.87500        10   0.00000(    0)
End       of equilibration (total CPU time is       0.03 s, CPU time since last check is       0.00 s)
 /BM/here
    enow      eave  (eerr )    peave (peerr)    tpbave(tpberr    tjfave(tjferr    fave  (ferr)     accave     iter     sigma
 -14.46468 -14.46468(    0) -23.09322(    0)   8.62853(    0)  11.98111(    0)                    0.85000        10   0.57041(    0)
 -14.70932 -14.58700( 8649) -23.73700(45522)   9.15000(36873)  11.76154(15526)                    0.87500        20   0.47179( 9862)
 -14.61213 -14.59538( 5806) -27.39881(*****)  12.80343(*****)  13.48930(*****)                    0.85833        30   0.44047( 6498)
 -14.22246 -14.50215( 9173) -24.88218(*****)  10.38003(*****)  12.18645(*****)                    0.85625        40   0.57721(14425)
 -14.20866 -14.44345( 9023) -24.28594(*****)   9.84249(*****)  11.89270(*****)                    0.83500        50   0.63646(12648)
 -14.82661 -14.50731( 9514) -26.91444(*****)  12.40713(*****)  13.16759(*****)                    0.84167        60   0.61442(10559)
 -14.55099 -14.51355( 8176) -25.82345(*****)  11.30990(*****)  12.63426(*****)                    0.84643        70   0.62165( 8954)
 -14.85203 -14.55586( 8176) -26.30283(*****)  11.74697(*****)  13.06038(*****)                    0.84688        80   0.63261( 7831)
 -14.53880 -14.55396( 7269) -25.89373(*****)  11.33976(*****)  12.80172(*****)                    0.84167        90   0.61069( 7246)
 -14.98397 -14.59696( 7710) -26.98448(*****)  12.38751(*****)  13.33591(*****)                    0.84250       100   0.61951( 6541)
End       of accumulation (total CPU time is       0.04 s, CPU time since last check is       0.01 s)

vmc_mov1      no title
Final results after         100. passes (nstep =     10, nblk =     10)
physical variable  average       rms error    rms er*rt(pass)   sigma                Tcor
total E =        -14.5969650 +-  0.0770999  0.77100  0.61951  0.61951 +-  0.06541    1.55
potential E =    -26.9844781 +-  2.3529745 23.52974
interaction E =    4.5036037 +-  0.2268205  2.26820
jf kinetic E =    13.3359136 +-  1.1894450 11.89445
pb kinetic E =    12.3875132 +-  2.2939148 22.93915
<r> =              0.0000000 +-  0.0000000  0.00000
<r2> =             4.3709380 +-  0.1698931  1.69893
<r3> =                0.0000 +-    0.00000     0.00
<r4> =                  0.00 +-      0.000      0.0
acceptance         0.8425000
 /print_too_much/ovlp           1   2.5623130338989863       -2.1533017671262478E-002  -2.7993071776133416E-002  -3.7522237389829627E-002  -4.6956801346903276E-002   1.8668259031816320E-002 -0.24649670353753983      -0.32718487316802003      -0.39453979652455828      -0.45176890107598844       -8.9458140352483895E-002   4.8906164909916949E-002 -0.17642490837153757        2.1361727948942200E-002   5.9932495659197116E-002   9.7145693133431799E-002   5.9093683221722149E-002 -0.25409339538469133        3.3188466419919571E-002   7.0813160203472947E-002   9.0924765967140608E-002  0.17046167267807988       0.14757128462792757       0.18962219771244015       0.11057216554950600       0.11171016422766385       -2.5792918726025411E-002  -9.5874032718212515E-002 -0.24899775804981633       0.23889798173928370      -0.40007420315353626        5.8360360983495119E-002
 /print_too_much/ovlp           2  -2.1533017671262478E-002   8.4495201448241630E-002   9.2130434877692124E-002   9.5304083835443976E-002   9.6074792700548528E-002  -1.3430149692576610E-002  0.18632337402632615       0.22461628197564920       0.24857090031569129       0.26414786054995432       -2.3533244342703874E-003 -0.26166335418344744       -1.5588360975540283E-002 -0.27239996320579252      -0.52718297863023622      -0.51624567912142538      -0.26146491484353618       -3.5226012301864174E-002 -0.55472451561844593      -0.79197161396389504      -0.53418325216781426       -1.0355344666593282      -0.76318209235168410       -1.0272827373896547      -0.52592579712744936        3.4705061278726135E-003   1.3491247614282997E-002   7.5483999117370304E-002   5.2968861960480673E-002 -0.26099523952882897      -0.23166522550742974       -7.4264497879720726E-002
 /print_too_much/ovlp           3  -2.7993071776133416E-002   9.2130434877692124E-002  0.10613912242671120       0.11310025311481553       0.11604839295053182       -1.4786913559435622E-002  0.21608314099008652       0.26596136485243704       0.29828448402862762       0.31995868940785499       -9.4448404985758572E-004 -0.28599593687055602       -1.2967542954815059E-002 -0.30029193949447119      -0.57059152427635240      -0.55826200640801460      -0.28796748847790354       -3.1133087141931526E-002 -0.60533165223181129      -0.85072206528732863      -0.58271136381718236       -1.1110693570036858      -0.81877487042309838       -1.1017411382328248      -0.57338259514490630       -1.1789071106858839E-003  -4.3044256073729859E-003   1.2801512318932007E-002   1.1028734253424655E-002 -0.33005152517009789      -0.22874243093285862       -5.7020048378174426E-002
 /print_too_much/ovlp           4  -3.7522237389829627E-002   9.5304083835443976E-002  0.11310025311481553       0.12261793966412426       0.12727693749961588       -1.5311966306410518E-002  0.23078903386188188       0.28795334633134928       0.32602393825516174       0.35223311496321230       -5.9831511355667999E-004 -0.29582089985115090       -1.2517778934190815E-002 -0.31261696328937916      -0.58735455214029741      -0.57414074582560204      -0.29940644460945265       -3.0469900264872507E-002 -0.62659510507369021      -0.87254352687401138      -0.60257693977968074       -1.1377517418875982      -0.83861413969859200       -1.1278392097813708      -0.59266218773821322       -4.7101162121468421E-003  -1.5272967183336650E-002  -2.3021300852381965E-002  -3.6597307951387048E-003 -0.37284520021402523      -0.20647716174497410       -4.6775417847773282E-002
 /print_too_much/ovlp           5  -4.6956801346903276E-002   9.6074792700548528E-002  0.11604839295053182       0.12727693749961588       0.13326281181124955       -1.5387315680639446E-002  0.23682829042825659       0.29850650052092931       0.34052952184441665       0.37012796982398299       -8.4968694713527526E-004 -0.29785846373214042       -1.3266866486079110E-002 -0.31642256287568671      -0.58999066504853204      -0.57620046987906903      -0.30263315143251646       -3.1681928377242485E-002 -0.63201971394602197      -0.87496623984543476      -0.60703184639584151       -1.1389466525260730      -0.83976214395380566       -1.1287285825352456      -0.59680833999257743       -7.0712629602416310E-003  -2.1108020864687993E-002  -4.1020190522081168E-002  -6.9608853588660757E-003 -0.39883805856660143      -0.17707443378346799       -4.2171347558684236E-002
 /print_too_much/ovlp           6   1.8668259031816320E-002  -1.3430149692576610E-002  -1.4786913559435622E-002  -1.5311966306410518E-002  -1.5387315680639446E-002   2.4936374353976137E-003  -3.2894908654413468E-002  -3.8956764857711601E-002  -4.2598221801636971E-002  -4.4870387612232498E-002  -1.7328447067249952E-003   4.1789342035695176E-002  -2.3526020103726286E-003   4.2306932298572963E-002   8.2877555217449661E-002   8.2282830782681060E-002   4.1722922848132171E-002  -2.1527156983298656E-003   8.5717338280621114E-002  0.12330621606169423        8.4447012560906032E-002  0.16415962077182922       0.12141350221644664       0.16354077065717387        8.3839573198293493E-002   7.7558797563924073E-004  -1.2628711653515316E-003  -7.3549627243958138E-003  -5.8953758515843946E-003   4.1936980664340248E-002   4.1728574698684816E-002   1.3084595536875965E-002
 /print_too_much/ovlp           7 -0.24649670353753983       0.18632337402632615       0.21608314099008652       0.23078903386188188       0.23682829042825659       -3.2894908654413468E-002  0.47130313246517019       0.57642343159995590       0.64363973781968298       0.68814759882700116        1.7678339028985413E-002 -0.57988507418955493        1.6657114707594900E-002 -0.59909057332299653       -1.1457303125995537       -1.1306447145536254      -0.58418373328275663        3.5766580774829748E-003  -1.2043998121652919       -1.6990904007654422       -1.1751562697943569       -2.2428867713502854       -1.6566034902465958       -2.2297015990685196       -1.1621600631865334       -1.9305647767835471E-002  -2.2160804490878594E-002  -3.2204965104851491E-002   3.1478205857764174E-002 -0.67514877720359578      -0.49541536008042608      -0.14684828027966867     
 /print_too_much/ovlp           8 -0.32718487316802003       0.22461628197564920       0.26596136485243704       0.28795334633134928       0.29850650052092931       -3.8956764857711601E-002  0.57642343159995590       0.71548545933170260       0.80728026376259265       0.87002771111576749        1.7696037980893031E-002 -0.69808822509206436        1.0868974946879106E-002 -0.72788293311430152       -1.3775487462827130       -1.3558669405772008      -0.70641334984204462       -1.0940987880058373E-002  -1.4583961889312178       -2.0408388230903540       -1.4171088651854262       -2.6832879548693995       -1.9813702777990727       -2.6651731595969750       -1.3992126663625299       -2.9002776288844040E-002  -4.2508893449987539E-002  -8.5625415206831756E-002   2.6748532542295145E-002 -0.87060516176193303      -0.51145528006786778      -0.15402112662096534     
 /print_too_much/ovlp           9 -0.39453979652455828       0.24857090031569129       0.29828448402862762       0.32602393825516174       0.34052952184441665       -4.2598221801636971E-002  0.64363973781968298       0.80728026376259265       0.91793501531105903       0.99544648230042299        1.6475325365080451E-002 -0.77120883533854112        4.2281058639410674E-003 -0.80937070913238074       -1.5208949518323607       -1.4942783099070880      -0.78297874843394766       -2.4919390379103845E-002  -1.6179343535027613       -2.2521586166779173       -1.5676830331374276       -2.9526344669128548       -2.1802319604096567       -2.9310264541376796       -1.5462995801352974       -3.6474776628377614E-002  -5.6411287811627520E-002 -0.12115915802483312        2.9921234993540713E-002  -1.0086352123484950      -0.48475191112824434      -0.15578509379795125     
 /print_too_much/ovlp          10 -0.45176890107598844       0.26414786054995432       0.31995868940785499       0.35223311496321230       0.37012796982398299       -4.4870387612232498E-002  0.68814759882700116       0.87002771111576749       0.99544648230042299        1.0850834138191772        1.4832165158882304E-002 -0.81801844008387548       -2.1689829839743879E-003 -0.86274597880515103       -1.6127132143582230       -1.5824081194868995      -0.83266912606212884       -3.7379518037596426E-002  -1.7216975154319982       -2.3876508266976089       -1.6647485530682502       -3.1233589491477574       -2.3065404567942096       -3.0992627709839553       -1.6408732385177984       -4.2153830775705670E-002  -6.4732240948545905E-002 -0.14286804011049337        3.6701448030849182E-002  -1.1080945214625011      -0.44057923116710151      -0.15725725015290193     
 /print_too_much/ovlp          11  -8.9458140352483895E-002  -2.3533244342703874E-003  -9.4448404985758572E-004  -5.9831511355667999E-004  -8.4968694713527526E-004  -1.7328447067249952E-003   1.7678339028985413E-002   1.7696037980893031E-002   1.6475325365080451E-002   1.4832165158882304E-002   1.4393599507109611E-002   6.6034366172926795E-003   3.2921817005703513E-002   1.4411127153530323E-002   2.2745199888861478E-002   1.4835734410080015E-002   6.3886241918513775E-003   5.2686797600841606E-002   3.2739119788987914E-002   4.2718856092506030E-002   1.9092780616962735E-002   3.6768372205651545E-002   2.4321929041855483E-002   3.1973271865387787E-002   1.4163910645991429E-002  -9.5055366216948104E-003  -8.7144587706533133E-003  -4.9951916191896963E-002  -2.2508713851575150E-002   1.8202111600523381E-003  -3.6308607232285989E-002  -5.1415701835111141E-003
 /print_too_much/ovlp          12   4.8906164909916949E-002 -0.26166335418344744      -0.28599593687055602      -0.29582089985115090      -0.29785846373214042        4.1789342035695176E-002 -0.57988507418955493      -0.69808822509206436      -0.77120883533854112      -0.81801844008387548        6.6034366172926795E-003  0.81349380378966174        4.6530405354273441E-002  0.84636642691304331        1.6380742305442766        1.6039593346887671       0.81224759126959611       0.10605990932045550        1.7233733555089970        2.4595387345011943        1.6596017937963694        3.2167101060728100        2.3698496996356084        3.1907768979215803        1.6336383931221405       -1.0986270492925221E-002  -3.1439782416141537E-002 -0.20593450451731460      -0.14768962640391670       0.80624117866812461       0.75231952063009755       0.24651174850337354     
 /print_too_much/ovlp          13 -0.17642490837153757       -1.5588360975540283E-002  -1.2967542954815059E-002  -1.2517778934190815E-002  -1.3266866486079110E-002  -2.3526020103726286E-003   1.6657114707594900E-002   1.0868974946879106E-002   4.2281058639410674E-003  -2.1689829839743879E-003   3.2921817005703513E-002   4.6530405354273441E-002   7.7317941943701562E-002   6.5811995102725618E-002  0.11588843656250170        9.6420233010352518E-002   4.6110586805843568E-002  0.12587731931295565       0.14247387443425552       0.19469444340830933       0.10840759926373877       0.21023603957180370       0.14862128049703216       0.19813408494301754        9.6024088754521841E-002  -2.0424111841879894E-002  -2.1577368300698736E-002 -0.12639582120907650       -7.0973756830896712E-002   3.5587781281029657E-002  -6.2958120985854404E-002   3.1284270731773700E-003
 /print_too_much/ovlp          14   2.1361727948942200E-002 -0.27239996320579252      -0.30029193949447119      -0.31261696328937916      -0.31642256287568671        4.2306932298572963E-002 -0.59909057332299653      -0.72788293311430152      -0.80937070913238074      -0.86274597880515103        1.4411127153530323E-002  0.84636642691304331        6.5811995102725618E-002  0.88709496022973156        1.7066879821033467        1.6662484214852498       0.84659654452155308       0.13807730448544397        1.8046039546829036        2.5642342813051897        1.7298734507513274        3.3405525420964466        2.4594937465127771        3.3105042452419582        1.6997281310446937       -1.2466345388233047E-002  -2.6216829146762155E-002 -0.20304082660183043      -0.14714095887221934       0.86738170864705944       0.72871872038291430       0.23550467054444502     
 /print_too_much/ovlp          15   5.9932495659197116E-002 -0.52718297863023622      -0.57059152427635240      -0.58735455214029741      -0.58999066504853204        8.2877555217449661E-002  -1.1457303125995537       -1.3775487462827130       -1.5208949518323607       -1.6127132143582230        2.2745199888861478E-002   1.6380742305442766       0.11588843656250170        1.7066879821033467        3.3087617244098055        3.2358545926793170        1.6337164516518499       0.25012346761393189        3.4824718518080715        4.9787782590172469        3.3463019245355099        6.5009768289502006        4.7878944756819237        6.4462060376993975        3.2913984601576090       -3.0382504916697362E-002  -8.2886641774724046E-002 -0.49890111398847392      -0.35431307072475304        1.5853332873446548        1.5053846126484158       0.51671617311056584     
 /print_too_much/ovlp          16   9.7145693133431799E-002 -0.51624567912142538      -0.55826200640801460      -0.57414074582560204      -0.57620046987906903        8.2282830782681060E-002  -1.1306447145536254       -1.3558669405772008       -1.4942783099070880       -1.5824081194868995        1.4835734410080015E-002   1.6039593346887671        9.6420233010352518E-002   1.6662484214852498        3.2358545926793170        3.1689992050719411        1.5993882314262464       0.21768758553662693        3.3993419708361898        4.8657285477956123        3.2736998822276178        6.3646835426577866        4.6893674288337763        6.3139328236993322        3.2228893200399682       -2.6616943349009548E-002  -8.2561640167655215E-002 -0.48333579399024251      -0.34611398359931833        1.5461917960106903        1.4988972608496054       0.51458811702495022     
 /print_too_much/ovlp          17   5.9093683221722149E-002 -0.26146491484353618      -0.28796748847790354      -0.29940644460945265      -0.30263315143251646        4.1722922848132171E-002 -0.58418373328275663      -0.70641334984204462      -0.78297874843394766      -0.83266912606212884        6.3886241918513775E-003  0.81224759126959611        4.6110586805843568E-002  0.84659654452155308        1.6337164516518499        1.5993882314262464       0.81227318225633383       0.10529723391062262        1.7213513285935278        2.4510508797502695        1.6572388389988788        3.2042156009721054        2.3609570258913379        3.1782226223599821        1.6312263088958758       -8.6333364388090639E-003  -2.5948888996805752E-002 -0.18731649288769242      -0.13862417752395495       0.82817322835588292       0.72255136484850979       0.23371592863515256     
 /print_too_much/ovlp          18 -0.25409339538469133       -3.5226012301864174E-002  -3.1133087141931526E-002  -3.0469900264872507E-002  -3.1681928377242485E-002  -2.1527156983298656E-003   3.5766580774829748E-003  -1.0940987880058373E-002  -2.4919390379103845E-002  -3.7379518037596426E-002   5.2686797600841606E-002  0.10605990932045550       0.12587731931295565       0.13807730448544397       0.25012346761393189       0.21768758553662693       0.10529723391062262       0.20722344544002791       0.29599353478123902       0.41038249167110763       0.23869645045300203       0.46516441726421931       0.33278921954148188       0.44472428152583632       0.21783431556657007       -3.1508204487138841E-002  -3.7481936424933429E-002 -0.21982224735575456      -0.13966693608691050        8.5249155066723897E-002  -7.8649052796651520E-002   2.3324768203284024E-002
 /print_too_much/ovlp          19   3.3188466419919571E-002 -0.55472451561844593      -0.60533165223181129      -0.62659510507369021      -0.63201971394602197        8.5717338280621114E-002  -1.2043998121652919       -1.4583961889312178       -1.6179343535027613       -1.7216975154319982        3.2739119788987914E-002   1.7233733555089970       0.14247387443425552        1.8046039546829036        3.4824718518080715        3.3993419708361898        1.7213513285935278       0.29599353478123902        3.6784670814475646        5.2404957496283657        3.5243705261135574        6.8255959206931038        5.0247605327375879        6.7638746032719723        3.4624428208364293       -3.1139690397961328E-002  -7.2412585467677593E-002 -0.48675386649629460      -0.35068488511007012        1.7158438872260264        1.5122714003668130       0.51052834301904637     
 /print_too_much/ovlp          20   7.0813160203472947E-002 -0.79197161396389504      -0.85072206528732863      -0.87254352687401138      -0.87496623984543476       0.12330621606169423       -1.6990904007654422       -2.0408388230903540       -2.2521586166779173       -2.3876508266976089        4.2718856092506030E-002   2.4595387345011943       0.19469444340830933        2.5642342813051897        4.9787782590172469        4.8657285477956123        2.4510508797502695       0.41038249167110763        5.2404957496283657        7.5034002855641120        5.0290941056717884        9.7881118212529827        7.2077102867756366        9.7037192871114257        4.9444510029678383       -5.2670487915231490E-002 -0.14611410394109736      -0.84305710229470243      -0.60799081857377590        2.3396482885537813        2.2458588057476034       0.80428933275725845     
 /print_too_much/ovlp          21   9.0924765967140608E-002 -0.53418325216781426      -0.58271136381718236      -0.60257693977968074      -0.60703184639584151        8.4447012560906032E-002  -1.1751562697943569       -1.4171088651854262       -1.5676830331374276       -1.6647485530682502        1.9092780616962735E-002   1.6596017937963694       0.10840759926373877        1.7298734507513274        3.3463019245355099        3.2736998822276178        1.6572388389988788       0.23869645045300203        3.5243705261135574        5.0290941056717884        3.3887888666801018        6.5690402653809770        4.8388354813162096        6.5143198823015496        3.3339742276093034       -2.4723255588455895E-002  -7.0044970077884461E-002 -0.45147267005498048      -0.32688922061005266        1.6449731684505071        1.5003308538212969       0.50158909342868152     
 /print_too_much/ovlp          22  0.17046167267807988       -1.0355344666593282       -1.1110693570036858       -1.1377517418875982       -1.1389466525260730       0.16415962077182922       -2.2428867713502854       -2.6832879548693995       -2.9526344669128548       -3.1233589491477574        3.6768372205651545E-002   3.2167101060728100       0.21023603957180370        3.3405525420964466        6.5009768289502006        6.3646835426577866        3.2042156009721054       0.46516441726421931        6.8255959206931038        9.7881118212529827        6.5690402653809770        12.798340846487406        9.4285102832533312        12.695213845912065        6.4657461654575172       -6.2512376927923330E-002 -0.19336568133997456       -1.0808318184843357      -0.77396169182600749        3.0343616922651728        3.0287928502189585        1.0723991828948876     
 /print_too_much/ovlp          23  0.14757128462792757      -0.76318209235168410      -0.81877487042309838      -0.83861413969859200      -0.83976214395380566       0.12141350221644664       -1.6566034902465958       -1.9813702777990727       -2.1802319604096567       -2.3065404567942096        2.4321929041855483E-002   2.3698496996356084       0.14862128049703216        2.4594937465127771        4.7878944756819237        4.6893674288337763        2.3609570258913379       0.33278921954148188        5.0247605327375879        7.2077102867756366        4.8388354813162096        9.4285102832533312        6.9471916308173149        9.3538670263891390        4.7640963381463166       -4.4224209648361823E-002 -0.14388529503773484      -0.80026663832813583      -0.58101033431422588        2.2407059185723393        2.2213886217033685       0.79168374556739529     
 /print_too_much/ovlp          24  0.18962219771244015       -1.0272827373896547       -1.1017411382328248       -1.1278392097813708       -1.1287285825352456       0.16354077065717387       -2.2297015990685196       -2.6651731595969750       -2.9310264541376796       -3.0992627709839553        3.1973271865387787E-002   3.1907768979215803       0.19813408494301754        3.3105042452419582        6.4462060376993975        6.3139328236993322        3.1782226223599821       0.44472428152583632        6.7638746032719723        9.7037192871114257        6.5143198823015496        12.695213845912065        9.3538670263891390        12.594851000732717        6.4138341214396064       -6.0461399682720574E-002 -0.19352095147612614       -1.0732499676581964      -0.77062894613041655        3.0062715327644867        3.0163554340723069        1.0688466965430430     
 /print_too_much/ovlp          25  0.11057216554950600      -0.52592579712744936      -0.57338259514490630      -0.59266218773821322      -0.59680833999257743        8.3839573198293493E-002  -1.1621600631865334       -1.3992126663625299       -1.5462995801352974       -1.6408732385177984        1.4163910645991429E-002   1.6336383931221405        9.6024088754521841E-002   1.6997281310446937        3.2913984601576090        3.2228893200399682        1.6312263088958758       0.21783431556657007        3.4624428208364293        4.9444510029678383        3.3339742276093034        6.4657461654575172        4.7640963381463166        6.4138341214396064        3.2820174318517559       -2.2599203496369957E-002  -7.0248471434891768E-002 -0.44366283406014762      -0.32310748414181112        1.6167986343116407        1.4882560618384022       0.49842228389063359     
 /print_too_much/ovlp          26  0.11171016422766385        3.4705061278726135E-003  -1.1789071106858839E-003  -4.7101162121468421E-003  -7.0712629602416310E-003   7.7558797563924073E-004  -1.9305647767835471E-002  -2.9002776288844040E-002  -3.6474776628377614E-002  -4.2153830775705670E-002  -9.5055366216948104E-003  -1.0986270492925221E-002  -2.0424111841879894E-002  -1.2466345388233047E-002  -3.0382504916697362E-002  -2.6616943349009548E-002  -8.6333364388090639E-003  -3.1508204487138841E-002  -3.1139690397961328E-002  -5.2670487915231490E-002  -2.4723255588455895E-002  -6.2512376927923330E-002  -4.4224209648361823E-002  -6.0461399682720574E-002  -2.2599203496369957E-002   4.0548114021948273E-002   5.7375631990162983E-002  0.14398474045001947       -9.6658496121262802E-002   3.3468950109962814E-002  -1.2844341225475233E-002  -2.3281304890658779E-002
 /print_too_much/ovlp          27  -2.5792918726025411E-002   1.3491247614282997E-002  -4.3044256073729859E-003  -1.5272967183336650E-002  -2.1108020864687993E-002  -1.2628711653515316E-003  -2.2160804490878594E-002  -4.2508893449987539E-002  -5.6411287811627520E-002  -6.4732240948545905E-002  -8.7144587706533133E-003  -3.1439782416141537E-002  -2.1577368300698736E-002  -2.6216829146762155E-002  -8.2886641774724046E-002  -8.2561640167655215E-002  -2.5948888996805752E-002  -3.7481936424933429E-002  -7.2412585467677593E-002 -0.14611410394109736       -7.0044970077884461E-002 -0.19336568133997456      -0.14388529503773484      -0.19352095147612614       -7.0248471434891768E-002   5.7375631990162983E-002  0.21730771727820911       0.46025048236048033       -9.0751751020781771E-002  0.11387906964952890        1.5946325152826193E-002  -4.5960122403498990E-002
 /print_too_much/ovlp          28  -9.5874032718212515E-002   7.5483999117370304E-002   1.2801512318932007E-002  -2.3021300852381965E-002  -4.1020190522081168E-002  -7.3549627243958138E-003  -3.2204965104851491E-002  -8.5625415206831756E-002 -0.12115915802483312      -0.14286804011049337       -4.9951916191896963E-002 -0.20593450451731460      -0.12639582120907650      -0.20304082660183043      -0.49890111398847392      -0.48333579399024251      -0.18731649288769242      -0.21982224735575456      -0.48675386649629460      -0.84305710229470243      -0.45147267005498048       -1.0808318184843357      -0.80026663832813583       -1.0732499676581964      -0.44366283406014762       0.14398474045001947       0.46025048236048033        1.6178243291149141       0.17690101356904497       0.19731064829580566       0.22155919147039538      -0.10099926465259081     
