
----------------------------------------------------------------------------------------------------------
                                                  PROGRAM CHAMP
                                                 version 3.08.00
----------------------------------------------------------------------------------------------------------

GIT commit 54040b0797ba5c74d120eeeff62ccd12b5d8f74a, Date:   Mon Jul 4 11:39:02 2016 -0400
Compiled by mussard on Mon Jul  4 22:39:36 EDT 2016 on host antares
Executed by mussard on 2016-07-05 10:46:63 (-0400) on master host 
Executable: /home/mussard/softwares/champ/qmc/champ.exe
Command line arguments: -p -m vmc_mov1
Run in mode >vmc_mov1<


Beginning of control menu --------------------------------------------------------------------------------
 type of system: finite system
 trial energy =   -14.620000

 random number seed = 1837465927472523
 number of steps per block              =         10
 number of blocks after equilibration   =         10
 number of blocks before equilibration  =          1
 number of configurations saved         =     0
 number of walkers initialized to        1

 version of Metropolis  =          6
 step size              =    1.00000
 radial step multiplier =    5.00000
 cos(theta) step size   =    1.00000
 force bias             =    1.00000
End of control menu --------------------------------------------------------------------------------------

Beginning of nuclei menu ---------------------------------------------------------------------------------
 system of dimension 3
 number of atomic center types =   1
 number of atomic centers =     1
 geometry:
                  type  charge            cartesian coordinates
 nucleus #    1:    1     4.0        0.000000    0.000000    0.000000

 type of external potential: nloc=    0
 Nuclear potential energy =     0.0000000
End of nuclei menu ---------------------------------------------------------------------------------------

Beginning of wavefunction menu ---------------------------------------------------------------------------
 numbers of total     electrons =     4
 numbers of spin-up   electrons =     2
 numbers of spin-down electrons =     2
End of wavefunction menu ---------------------------------------------------------------------------------

Beginning of basis menu ----------------------------------------------------------------------------------
 use localized basis functions (ibasis=1)
 numr=   -3
 analytical radial basis functions used
 the analytical basis functions are Slater functions

 number of basis functions =     8
 number of analytical basis functions =     8

 center type #     1
 function #     1:     1s       exponent =     6.285179
 function #     2:     1s       exponent =     3.455497
 function #     3:     2s       exponent =     2.774117
 function #     4:     2s       exponent =     1.192734
 function #     5:     2s       exponent =     0.824535
 function #     6:    2px       exponent =     0.986656
 function #     7:    2py       exponent =     0.986656
 function #     8:    2pz       exponent =     0.986656
 not using recursion for spherical harmonics
End of basis menu ----------------------------------------------------------------------------------------

Beginning of orbitals menu -------------------------------------------------------------------------------
 number of orbitals =     8
 orbital coefficients:
  0.093369  0.915836  0.005504 -0.006041 -0.006733  0.000000  0.000000  0.000000
 -0.014480 -0.163225 -0.083169  0.624494  0.459069  0.000000  0.000000  0.000000
  0.000000  0.000000  0.000000  0.000000  0.000000  0.000000  0.000000  1.000000
  0.000000  0.000000  0.000000  0.000000  0.000000  1.000000  0.000000  0.000000
  0.000000  0.000000  0.000000  0.000000  0.000000  0.000000  1.000000  0.000000
 -0.143342  0.128868 -0.647442  3.321945 -2.986689  0.000000  0.000000  0.000000
  0.916555 -2.721666  3.370485 -3.005751  1.736059  0.000000  0.000000  0.000000
 -4.045617  5.658976 -3.236422  1.782572 -0.988422  0.000000  0.000000  0.000000
End of orbitals menu -------------------------------------------------------------------------------------

Beginning of csfs menu -----------------------------------------------------------------------------------
Normalized CSF coefs=  0.949537 -0.181089 -0.181089 -0.181089
Initial CSF rotation coefs=  0.184198  0.184198  0.184198
 normalizing cdet_in_csf
 number of determinants =     4
 determinants have orbitals (spin-up | spin-down):
 det #     1:    1   2  |   1   2
 det #     2:    1   4  |   1   4
 det #     3:    1   5  |   1   5
 det #     4:    1   3  |   1   3
 number of unique spin-up   determinants =     4
 number of unique spin-down determinants =     4
 unique spin-up determinants have orbitals:
 det #     1:    1   2
 det #     2:    1   4
 det #     3:    1   5
 det #     4:    1   3
 unique spin-down determinants have orbitals:
 det #     1:    1   2
 det #     2:    1   4
 det #     3:    1   5
 det #     4:    1   3

 number of CSFs =     4
 CSF coefficients =   0.949537 -0.181089 -0.181089 -0.181089
 sum of square of CSF coefficients =   1.000000
 CSF #     1
 determinants in CSF:   1
 coefficients:-1.00000
 CSF #     2
 determinants in CSF:   4
 coefficients:-1.00000
 CSF #     3
 determinants in CSF:   3
 coefficients:-1.00000
 CSF #     4
 determinants in CSF:   2
 coefficients:-1.00000

 Orbital occupation information:
 There are   8 total    orbitals
 There are   5 occupied orbitals of indexes:   1   2   3   4   5
 There are   1 closed   orbitals of indexes:   1
 There are   4 active   orbitals of indexes:   2   3   4   5
 There are   0 open     orbitals of indexes:
 There are   3 virtual  orbitals of indexes:   6   7   8
 Last occupied orbital has index   5
 Number of computed orbitals initialized to        5
End of csfs menu -----------------------------------------------------------------------------------------

Beginning of jastrow menu --------------------------------------------------------------------------------
 type of Jastrow factor: ijas=   4
 type of scaling function: isc=   4
 starting spin index: nspin1=   1
 ending   spin index: nspin2=   1
 order of polynomial: nord=   5
 Fock terms: ifock=   0
 analytic Laplacian: ianalyt_lap=   1
 order of e-n polynomial: norda=    5
 order of e-e polynomial: nordb=    5
 order of e-e-n polynomial: nordc=    5
 scale factor: scalek=   0.80000
 a21=   0.00000
 e-n terms: a=  0.000000  0.000000  0.000000  0.000000  0.000000  0.000000
 e-e terms: b=  0.500000  1.000000  0.000000  0.000000  0.000000  0.000000
 e-e-n terms: c=  0.000000  0.000000  0.000000  0.000000  0.000000  0.000000  0.000000  0.000000  0.000000  0.000000  0.000000  0.000000  0.000000  0.000000  0.000000  0.000000  0.000000  0.000000  0.000000  0.000000  0.000000  0.000000  0.000000
End of jastrow menu --------------------------------------------------------------------------------------

Beginning of linearresponse menu -------------------------------------------------------------------------
 Requested parameter types: jastrow   

 Number of Jastrow parameters:      24
 Number of periodic Jastrow parameters:     0
 Number of CSF parameters:           0
 Number of orbital parameters:       0
 Number of exponent parameters:      0
 Number of geometry parameters:      0
 Total number of parameters:        24

End of linearresponse menu -------------------------------------------------------------------------------

************************************** LINEAR-RESPONSE CALCULATION ***************************************
1 configuration for  4 electrons has been generated by routine sites.
sites:   -0.313319    0.628839   -0.208193   -0.881718   -0.193128    0.281660    0.605008   -0.230834   -0.536871   -0.024506   -0.056022   -0.310910

***************************************** START VMC CALCULATION ******************************************

The following averages will be calculated:
- dpsi_av                                            = average of dpsi
- dpsi_eloc_av                                       = average of dpsi_eloc
- dpsi_dpsi_av                                       = average of dpsi_dpsi
- dpsi_dpsi_eloc_av                                  = average of dpsi_dpsi_eloc
- deloc_av                                           = average of deloc
- dpsi_deloc_av                                      = average of dpsi_deloc
- eloc_av                                            = average of eloc
- eloc_sq_av                                         = average of eloc_sq

The following variances will be calculated:
- eloc_av_var                                        = variance of average eloc_av
- object   42                                        = variance of average sigma

The following statistical errors will be calculated:
- error_sigma                                        = statistical error of average sigma

Beginning of equilibration (total CPU time is       0.04 s, CPU time since last check is       0.04 s)
    enow      eave  (eerr )    peave (peerr)    tpbave(tpberr    tjfave(tjferr    fave  (ferr)     accave     iter     sigma
 -15.10477 -15.10477(    0) -45.26187(    0)  30.15710(    0)  21.97741(    0)                    0.87500        10   0.00000(    0)
End       of equilibration (total CPU time is       0.05 s, CPU time since last check is       0.00 s)
    enow      eave  (eerr )    peave (peerr)    tpbave(tpberr    tjfave(tjferr    fave  (ferr)     accave     iter     sigma
 -14.46468 -14.46468(    0) -23.09322(    0)   8.62853(    0)  11.98111(    0)                    0.85000        10   0.57041(    0)
 -14.70932 -14.58700( 8649) -23.73700(45522)   9.15000(36873)  11.76154(15526)                    0.87500        20   0.47179( 9862)
 -14.61213 -14.59538( 5806) -27.39881(*****)  12.80343(*****)  13.48930(*****)                    0.85833        30   0.44047( 6498)
 -14.22246 -14.50215( 9173) -24.88218(*****)  10.38003(*****)  12.18645(*****)                    0.85625        40   0.57721(14425)
 -14.20866 -14.44345( 9023) -24.28594(*****)   9.84249(*****)  11.89270(*****)                    0.83500        50   0.63646(12648)
 -14.82661 -14.50731( 9514) -26.91444(*****)  12.40713(*****)  13.16759(*****)                    0.84167        60   0.61442(10559)
 -14.55099 -14.51355( 8176) -25.82345(*****)  11.30990(*****)  12.63426(*****)                    0.84643        70   0.62165( 8954)
 -14.85203 -14.55586( 8176) -26.30283(*****)  11.74697(*****)  13.06038(*****)                    0.84688        80   0.63261( 7831)
 -14.53880 -14.55396( 7269) -25.89373(*****)  11.33976(*****)  12.80172(*****)                    0.84167        90   0.61069( 7246)
 -14.98397 -14.59696( 7710) -26.98448(*****)  12.38751(*****)  13.33591(*****)                    0.84250       100   0.61951( 6541)
End       of accumulation (total CPU time is       0.05 s, CPU time since last check is       0.01 s)

vmc_mov1      no title
Final results after         100. passes (nstep =     10, nblk =     10)
physical variable  average       rms error    rms er*rt(pass)   sigma                Tcor
total E =        -14.5969650 +-  0.0770999  0.77100  0.61951  0.61951 +-  0.06541    1.55
potential E =    -26.9844781 +-  2.3529745 23.52974
interaction E =    4.5036037 +-  0.2268205  2.26820
jf kinetic E =    13.3359136 +-  1.1894450 11.89445
pb kinetic E =    12.3875132 +-  2.2939148 22.93915
<r> =              0.0000000 +-  0.0000000  0.00000
<r2> =             4.3709380 +-  0.1698931  1.69893
<r3> =                0.0000 +-    0.00000     0.00
<r4> =                  0.00 +-      0.000      0.0
acceptance         0.8425000

Adding to ovlp_lin  1.0000E-08
 /BM/ovlp           1   8.4495211448245178E-002   9.2130434877699230E-002   9.5304083835422659E-002   9.6074792700555633E-002  -1.3430149692577276E-002  0.18632337402632260       0.22461628197564920       0.24857090031571971       0.26414786054996853       -2.3533244342708315E-003 -0.26166335418345099       -1.5588360975538507E-002 -0.27239996320580673      -0.52718297863022912      -0.51624567912143959      -0.26146491484353973       -3.5226012301867726E-002 -0.55472451561846015      -0.79197161396390925      -0.53418325216784268       -1.0355344666593425      -0.76318209235168410       -1.0272827373896547      -0.52592579712745646     
 /BM/ovlp           2   9.2130434877699230E-002  0.10613913242672540       0.11310025311480132       0.11604839295053182       -1.4786913559436066E-002  0.21608314099007231       0.26596136485244415       0.29828448402865604       0.31995868940785499       -9.4448404985936207E-004 -0.28599593687056313       -1.2967542954818612E-002 -0.30029193949448540      -0.57059152427636661      -0.55826200640802881      -0.28796748847791065       -3.1133087141940408E-002 -0.60533165223181129      -0.85072206528734284      -0.58271136381719657       -1.1110693570037142      -0.81877487042311259       -1.1017411382328817      -0.57338259514490630     
 /BM/ovlp           3   9.5304083835422659E-002  0.11310025311480132       0.12261794966409584       0.12727693749958746       -1.5311966306409630E-002  0.23078903386186767       0.28795334633133507       0.32602393825517595       0.35223311496315546       -5.9831511355845635E-004 -0.29582089985113669       -1.2517778934189039E-002 -0.31261696328938626      -0.58735455214024057      -0.57414074582558783      -0.29940644460944554       -3.0469900264872507E-002 -0.62659510507367600      -0.87254352687403980      -0.60257693977969495       -1.1377517418875982      -0.83861413969856358       -1.1278392097813139      -0.59266218773821322     
 /BM/ovlp           4   9.6074792700555633E-002  0.11604839295053182       0.12727693749958746       0.13326282181122112       -1.5387315680638114E-002  0.23682829042823528       0.29850650052090089       0.34052952184447349       0.37012796982395457       -8.4968694713705162E-004 -0.29785846373214042       -1.3266866486079110E-002 -0.31642256287571513      -0.58999066504850362      -0.57620046987904061      -0.30263315143251646       -3.1681928377246038E-002 -0.63201971394602197      -0.87496623984546318      -0.60703184639586993       -1.1389466525261298      -0.83976214395372040       -1.1287285825352740      -0.59680833999257743     
 /BM/ovlp           5  -1.3430149692577276E-002  -1.4786913559436066E-002  -1.5311966306409630E-002  -1.5387315680638114E-002   2.4936474353976137E-003  -3.2894908654412358E-002  -3.8956764857710269E-002  -4.2598221801636083E-002  -4.4870387612230722E-002  -1.7328447067243014E-003   4.1789342035696286E-002  -2.3526020103709078E-003   4.2306932298574296E-002   8.2877555217450993E-002   8.2282830782683725E-002   4.1722922848132615E-002  -2.1527156983270901E-003   8.5717338280622890E-002  0.12330621606169867        8.4447012560908252E-002  0.16415962077183632       0.12141350221644931       0.16354077065717920        8.3839573198295714E-002
 /BM/ovlp           6  0.18632337402632260       0.21608314099007231       0.23078903386186767       0.23682829042823528       -3.2894908654412358E-002  0.47130314246514532       0.57642343159992038       0.64363973781966877       0.68814759882697274        1.7678339028977419E-002 -0.57988507418954782        1.6657114707578913E-002 -0.59909057332300364       -1.1457303125995253       -1.1306447145536396      -0.58418373328274953        3.5766580774527768E-003  -1.2043998121652919       -1.6990904007654564       -1.1751562697943712       -2.2428867713502854       -1.6566034902465816       -2.2297015990685338       -1.1621600631865476     
 /BM/ovlp           7  0.22461628197564920       0.26596136485244415       0.28795334633133507       0.29850650052090089       -3.8956764857710269E-002  0.57642343159992038       0.71548546933166002       0.80728026376257844       0.87002771111571064        1.7696037980885038E-002 -0.69808822509205726        1.0868974946861343E-002 -0.72788293311430152       -1.3775487462826703       -1.3558669405772008      -0.70641334984203752       -1.0940987880090347E-002  -1.4583961889312320       -2.0408388230903540       -1.4171088651854404       -2.6832879548694279       -1.9813702777990727       -2.6651731595969466       -1.3992126663625015     
 /BM/ovlp           8  0.24857090031571971       0.29828448402865604       0.32602393825517595       0.34052952184447349       -4.2598221801636083E-002  0.64363973781966877       0.80728026376257844       0.91793502531108750       0.99544648230042299        1.6475325365069793E-002 -0.77120883533855533        4.2281058639179747E-003 -0.80937070913242337       -1.5208949518323607       -1.4942783099071448      -0.78297874843396187       -2.4919390379139372E-002  -1.6179343535027897       -2.2521586166778889       -1.5676830331374845       -2.9526344669129116       -2.1802319604097136       -2.9310264541377933       -1.5462995801352974     
 /BM/ovlp           9  0.26414786054996853       0.31995868940785499       0.35223311496315546       0.37012796982395457       -4.4870387612230722E-002  0.68814759882697274       0.87002771111571064       0.99544648230042299        1.0850834238190634        1.4832165158873423E-002 -0.81801844008384705       -2.1689829839885988E-003 -0.86274597880515103       -1.6127132143581946       -1.5824081194868995      -0.83266912606210042       -3.7379518037617743E-002  -1.7216975154319414       -2.3876508266975520       -1.6647485530682502       -3.1233589491478710       -2.3065404567940959       -3.0992627709838416       -1.6408732385177700     
 /BM/ovlp          10  -2.3533244342708315E-003  -9.4448404985936207E-004  -5.9831511355845635E-004  -8.4968694713705162E-004  -1.7328447067243014E-003   1.7678339028977419E-002   1.7696037980885038E-002   1.6475325365069793E-002   1.4832165158873423E-002   1.4393609507105170E-002   6.6034366172935677E-003   3.2921817005692633E-002   1.4411127153530323E-002   2.2745199888857925E-002   1.4835734410082679E-002   6.3886241918531539E-003   5.2686797600824731E-002   3.2739119788986137E-002   4.2718856092500701E-002   1.9092780616965399E-002   3.6768372205649769E-002   2.4321929041855483E-002   3.1973271865387787E-002   1.4163910645992317E-002
 /BM/ovlp          11 -0.26166335418345099      -0.28599593687056313      -0.29582089985113669      -0.29785846373214042        4.1789342035696286E-002 -0.57988507418954782      -0.69808822509205726      -0.77120883533855533      -0.81801844008384705        6.6034366172935677E-003  0.81349381378967600        4.6530405354276994E-002  0.84636642691306463        1.6380742305442624        1.6039593346887955       0.81224759126959611       0.10605990932046261        1.7233733555089970        2.4595387345012085        1.6596017937963978        3.2167101060728669        2.3698496996356369        3.1907768979216371        1.6336383931221548     
 /BM/ovlp          12  -1.5588360975538507E-002  -1.2967542954818612E-002  -1.2517778934189039E-002  -1.3266866486079110E-002  -2.3526020103709078E-003   1.6657114707578913E-002   1.0868974946861343E-002   4.2281058639179747E-003  -2.1689829839885988E-003   3.2921817005692633E-002   4.6530405354276994E-002   7.7317951943676466E-002   6.5811995102723841E-002  0.11588843656249459        9.6420233010352518E-002   4.6110586805845344E-002  0.12587731931291479       0.14247387443424131       0.19469444340829511       0.10840759926374233       0.21023603957180370       0.14862128049702861       0.19813408494301044        9.6024088754518289E-002
 /BM/ovlp          13 -0.27239996320580673      -0.30029193949448540      -0.31261696328938626      -0.31642256287571513        4.2306932298574296E-002 -0.59909057332300364      -0.72788293311430152      -0.80937070913242337      -0.86274597880515103        1.4411127153530323E-002  0.84636642691306463        6.5811995102723841E-002  0.88709497022978134        1.7066879821033609        1.6662484214852782       0.84659654452157440       0.13807730448544042        1.8046039546829604        2.5642342813052181        1.7298734507513558        3.3405525420965319        2.4594937465128197        3.3105042452420150        1.6997281310447363     
 /BM/ovlp          14 -0.52718297863022912      -0.57059152427636661      -0.58735455214024057      -0.58999066504850362        8.2877555217450993E-002  -1.1457303125995253       -1.3775487462826703       -1.5208949518323607       -1.6127132143581946        2.2745199888857925E-002   1.6380742305442624       0.11588843656249459        1.7066879821033609        3.3087617344098055        3.2358545926793454        1.6337164516518641       0.25012346761392479        3.4824718518080431        4.9787782590172469        3.3463019245355383        6.5009768289502290        4.7878944756819806        6.4462060376993975        3.2913984601575805     
 /BM/ovlp          15 -0.51624567912143959      -0.55826200640802881      -0.57414074582558783      -0.57620046987904061        8.2282830782683725E-002  -1.1306447145536396       -1.3558669405772008       -1.4942783099071448       -1.5824081194868995        1.4835734410082679E-002   1.6039593346887955        9.6420233010352518E-002   1.6662484214852782        3.2358545926793454        3.1689992150719695        1.5993882314262748       0.21768758553663403        3.3993419708362183        4.8657285477956691        3.2736998822276746        6.3646835426579287        4.6893674288338616        6.3139328236995595        3.2228893200399966     
 /BM/ovlp          16 -0.26146491484353973      -0.28796748847791065      -0.29940644460944554      -0.30263315143251646        4.1722922848132615E-002 -0.58418373328274953      -0.70641334984203752      -0.78297874843396187      -0.83266912606210042        6.3886241918531539E-003  0.81224759126959611        4.6110586805845344E-002  0.84659654452157440        1.6337164516518641        1.5993882314262748       0.81227319225634809       0.10529723391062618        1.7213513285935704        2.4510508797502837        1.6572388389988788        3.2042156009721054        2.3609570258913521        3.1782226223599821        1.6312263088958758     
 /BM/ovlp          17  -3.5226012301867726E-002  -3.1133087141940408E-002  -3.0469900264872507E-002  -3.1681928377246038E-002  -2.1527156983270901E-003   3.5766580774527768E-003  -1.0940987880090347E-002  -2.4919390379139372E-002  -3.7379518037617743E-002   5.2686797600824731E-002  0.10605990932046261       0.12587731931291479       0.13807730448544042       0.25012346761392479       0.21768758553663403       0.10529723391062618       0.20722345543996484       0.29599353478123192       0.41038249167108631       0.23869645045301269       0.46516441726421931       0.33278921954148899       0.44472428152584342       0.21783431556657717     
 /BM/ovlp          18 -0.55472451561846015      -0.60533165223181129      -0.62659510507367600      -0.63201971394602197        8.5717338280622890E-002  -1.2043998121652919       -1.4583961889312320       -1.6179343535027897       -1.7216975154319414        3.2739119788986137E-002   1.7233733555089970       0.14247387443424131        1.8046039546829604        3.4824718518080431        3.3993419708362183        1.7213513285935704       0.29599353478123192        3.6784670914476498        5.2404957496284510        3.5243705261135858        6.8255959206932175        5.0247605327376164        6.7638746032719723        3.4624428208364861     
 /BM/ovlp          19 -0.79197161396390925      -0.85072206528734284      -0.87254352687403980      -0.87496623984546318       0.12330621606169867       -1.6990904007654564       -2.0408388230903540       -2.2521586166778889       -2.3876508266975520        4.2718856092500701E-002   2.4595387345012085       0.19469444340829511        2.5642342813052181        4.9787782590172469        4.8657285477956691        2.4510508797502837       0.41038249167108631        5.2404957496284510        7.5034002955641688        5.0290941056719021        9.7881118212530964        7.2077102867756935        9.7037192871115394        4.9444510029678952     
 /BM/ovlp          20 -0.53418325216784268      -0.58271136381719657      -0.60257693977969495      -0.60703184639586993        8.4447012560908252E-002  -1.1751562697943712       -1.4171088651854404       -1.5676830331374845       -1.6647485530682502        1.9092780616965399E-002   1.6596017937963978       0.10840759926374233        1.7298734507513558        3.3463019245355383        3.2736998822276746        1.6572388389988788       0.23869645045301269        3.5243705261135858        5.0290941056719021        3.3887888766801870        6.5690402653811475        4.8388354813162948        6.5143198823017201        3.3339742276093318     
 /BM/ovlp          21  -1.0355344666593425       -1.1110693570037142       -1.1377517418875982       -1.1389466525261298       0.16415962077183632       -2.2428867713502854       -2.6832879548694279       -2.9526344669129116       -3.1233589491478710        3.6768372205649769E-002   3.2167101060728669       0.21023603957180370        3.3405525420965319        6.5009768289502290        6.3646835426579287        3.2042156009721054       0.46516441726421931        6.8255959206932175        9.7881118212530964        6.5690402653811475        12.798340856487748        9.4285102832534449        12.695213845912122        6.4657461654576309     
 /BM/ovlp          22 -0.76318209235168410      -0.81877487042311259      -0.83861413969856358      -0.83976214395372040       0.12141350221644931       -1.6566034902465816       -1.9813702777990727       -2.1802319604097136       -2.3065404567940959        2.4321929041855483E-002   2.3698496996356369       0.14862128049702861        2.4594937465128197        4.7878944756819806        4.6893674288338616        2.3609570258913521       0.33278921954148899        5.0247605327376164        7.2077102867756935        4.8388354813162948        9.4285102832534449        6.9471916408174286        9.3538670263893096        4.7640963381463166     
 /BM/ovlp          23  -1.0272827373896547       -1.1017411382328817       -1.1278392097813139       -1.1287285825352740       0.16354077065717920       -2.2297015990685338       -2.6651731595969466       -2.9310264541377933       -3.0992627709838416        3.1973271865387787E-002   3.1907768979216371       0.19813408494301044        3.3105042452420150        6.4462060376993975        6.3139328236995595        3.1782226223599821       0.44472428152584342        6.7638746032719723        9.7037192871115394        6.5143198823017201        12.695213845912122        9.3538670263893096        12.594851010733002        6.4138341214396064     
 /BM/ovlp          24 -0.52592579712745646      -0.57338259514490630      -0.59266218773821322      -0.59680833999257743        8.3839573198295714E-002  -1.1621600631865476       -1.3992126663625015       -1.5462995801352974       -1.6408732385177700        1.4163910645992317E-002   1.6336383931221548        9.6024088754518289E-002   1.6997281310447363        3.2913984601575805        3.2228893200399966        1.6312263088958758       0.21783431556657717        3.4624428208364861        4.9444510029678952        3.3339742276093318        6.4657461654576309        4.7640963381463166        6.4138341214396064        3.2820174418517842     

Eigenvalues of overlap matrix of current wave function and its first-order derivatives:
overlap eigenvalue #    1:  1.00511137E-08
overlap eigenvalue #    2:  1.05683970E-08
overlap eigenvalue #    3:  1.13392891E-08
overlap eigenvalue #    4:  1.49509941E-08
overlap eigenvalue #    5:  3.66249701E-08
overlap eigenvalue #    6:  5.17502219E-08
overlap eigenvalue #    7:  7.12619558E-08
overlap eigenvalue #    8:  1.08798526E-07
overlap eigenvalue #    9:  6.45894500E-07
overlap eigenvalue #   10:  1.85497105E-06
overlap eigenvalue #   11:  2.05145352E-06
overlap eigenvalue #   12:  4.96723172E-06
overlap eigenvalue #   13:  8.30058942E-06
overlap eigenvalue #   14:  1.06919296E-05
overlap eigenvalue #   15:  2.08621263E-05
overlap eigenvalue #   16:  7.98346451E-05
overlap eigenvalue #   17:  2.08425917E-04
overlap eigenvalue #   18:  2.87126026E-04
overlap eigenvalue #   19:  5.82002150E-04
overlap eigenvalue #   20:  4.28968282E-03
overlap eigenvalue #   21:  2.11785210E-02
overlap eigenvalue #   22:  2.79312477E-01
overlap eigenvalue #   23:  8.49755519E-01
overlap eigenvalue #   24:  6.19656877E+01
 /BM/amat           1  -1.1036064869437139       -1.2604742528164159       -1.3360841744669059       -1.3630630390125971       0.17996364566950840       -2.5670864167907852       -3.1269055460578570       -3.4811842372698689       -3.7137126930936497       -9.7498865919498634E-004   3.4100713460528800       0.11638804899215227        3.5683232543411183        6.7969024210875943        6.6630212738275585        3.4349518669064629       0.30165705796512299        7.1898103835229534        10.126223060990529        6.9451239920029435        13.260317920420897        9.7810555875675220        13.160315711372490        6.8463033535548945     
 /BM/amat           2  -1.2689771411191362       -1.4839331089241798       -1.5989596165074660       -1.6509649371023045       0.20798351838689388       -3.0294638170727426       -3.7329983605002850       -4.1954369107655047       -4.5088603181044391       -5.1077359210593976E-003   3.9161585278047171       0.12187595860453948        4.1202164539225956        7.7756171296975696        7.6188365879331954        3.9627774375259541       0.32067037620131789        8.2596863245541190        11.551234880756384        7.9768511553922581        15.110543732449491        11.152732687194923        14.994880360696172        7.8606962538556120     
 /BM/amat           3  -1.3445425433356293       -1.5973900418699727       -1.7409839475089610       -1.8136003933335270       0.22138589317839019       -3.2694257944599281       -4.0630554984241476       -4.5990805076954553       -4.9720956256635986       -9.0814216217725008E-003   4.1430419735465414       0.11939254388639320        4.3751193246110569        8.2037971469088067        8.0376233317418926        4.2077500424067482       0.32009921691793153        8.7391133040615347        12.163949953904112        8.4405964000789488        15.901829758042103        11.744901106498773        15.781081393491412        8.3185640624943513     
 /BM/amat           4  -1.3711817598846949       -1.6475017183150831       -1.8115128725071201       -1.9008180859725203       0.22655633796034336       -3.3790203289624974       -4.2279024610359457       -4.8139620231853657       -5.2311703886436627       -1.1095811480416051E-002   4.2181820381747324       0.11699396992731970        4.4674070529105503        8.3367790118688401        8.1680031518576595        4.2971864930685948       0.31654061318974591        8.8994824335666038        12.345672901904098        8.5963820402327418        16.130553815671107        11.922251994264208        16.009912242726770        8.4740669088342440     
 /BM/amat           5  0.17859261228249579       0.20389954348056888       0.21530371755851474       0.21850661497934759       -2.9445170637466524E-002  0.43077304556442647       0.52781906704055725       0.58715985730872688       0.62447066171969468        5.8693261398607838E-003 -0.55270960723280471       -1.0809599361335770E-002 -0.57795158558811588       -1.1016858228028736       -1.0796989738215559      -0.55605112097690268       -4.2001904085704367E-002  -1.1682404415667491       -1.6438898070679206       -1.1270875122210064       -2.1510201829754294       -1.5841370136382917       -2.1324992147520776       -1.1087553337091858     
 /BM/amat           6  -2.5810086648497355       -3.0324700682861110       -3.2685067196532622       -3.3711810169581335       0.44025787615961720       -6.4412367213167903       -7.9545338325297950       -8.9437196996899146       -9.6081254884544602      -0.13015059973624543        7.9814705136022734        1.2792416497620529E-002   8.3605379280197756        15.794811663515794        15.511246051333181        8.0761790617587543       0.31523660713802748        16.757283571162809        23.429685502611161        16.239025078356335        30.734136749330769        22.682250501716101        30.505176257340558        16.009721320953371     
 /BM/amat           7  -3.1528097544614124       -3.7543873932363270       -4.0881686176382432       -4.2525113886176742       0.54521665595773672       -8.0107160085592533       -9.9542152318167183       -11.264686277533023       -12.174065310462176      -0.18268508112806781        9.7352103111148072       -4.9086399040314088E-002   10.216266597663765        19.206699786490091        18.876483805983270        9.8846368872528494       0.26157261064601478        20.400265580232620        28.426362754455344        19.799245085205506        37.309439600143591        27.564783382572649        37.048914968191056        19.537527076835449     
 /BM/amat           8  -3.5131388864171682       -4.2244802766366165       -4.6355752211983718       -4.8536656367178850       0.61145020517236637       -9.0376955827095138       -11.293450253998083       -12.848378988991861       -13.953579916573126      -0.21490444140478004        10.830188411986223       -8.4158572147655875E-002   11.388595781604812        21.326054460272523        20.966270541735405        11.027110384963352       0.23500251195587474        22.682727225517826        31.520957168792314        22.027834014029253        41.368758180146990        30.587736183923418        41.090380573211661        21.747814191784553     
 /BM/amat           9  -3.7473319753692995       -4.5402977887939127       -5.0129765280862948       -5.2772831106474003       0.65460766975746998       -9.7311818047808032       -12.219890539083073       -13.965706017356625       -15.230912279061505      -0.23500861240515825        11.532979843798238      -0.10373672967674175        12.150658191777467        22.678973412053406        22.300435777440349        11.770326147610897       0.22346310908207556        24.152958915722468        33.490556280097401        23.462651562792551        43.943543592714761        32.512385622084764        43.655607950345171        23.172870592021980     
 /BM/amat          10   2.2321320508119739E-003   2.0141735805449118E-005   4.2840656850361668E-003   1.1901720024084822E-002   4.3400987888989537E-003 -0.10594084747997670      -0.13770308960224131      -0.14685415310684186      -0.14235161671960808       -4.9923904759810782E-002  -4.0081700624960137E-003  -8.9449863946528652E-002  -1.6317692130417283E-002  -2.1141373972987543E-002  -1.3353900522535989E-002  -8.8190989449011686E-003 -0.11547761494489928       -2.0088151959930745E-002  -3.2706662590658464E-002  -9.3795717783748678E-003  -2.4732866247790863E-002  -2.9366701340247714E-002  -3.2237710505302442E-002  -1.7341682122023666E-002
 /BM/amat          11   3.4355168307531181        3.9233866352038285        4.1538654426761328        4.2311362034358133      -0.56168208830478594        8.0010791395282990        9.7295624112434940        10.813650074267992        11.515060379164234        7.9631268367220676E-003  -10.642515722689362      -0.34868528273477040       -11.128933662987096       -21.208754301986808       -20.790997831053772       -10.712427323902016      -0.91386967341532266       -22.426752744366826       -31.589550259900896       -21.665938855069903       -41.377831173611838       -30.513852897419984       -41.064325282130440       -21.355642232089231     
 /BM/amat          12  0.12913544800773180       0.14495408824851058       0.16526697428415815       0.18759371140569112       -1.5969651639488186E-002   9.7990549542196659E-002   9.6188425580087278E-002  0.12501165648588833       0.17138501161487302       -8.6827736496973729E-002 -0.39410967448579010      -0.15441892018101394      -0.42604369485711635      -0.79728121277932895      -0.78005321652567194      -0.40990901024814669      -0.19331558133478088      -0.81856251674817382       -1.1718060437150242      -0.79443411502331385       -1.5325713501312919       -1.1641941666188522       -1.5496091425112488      -0.81316374990991391     
 /BM/amat          13   3.5945551251951970        4.1295795544277105        4.3946360828260165        4.4967166572068153      -0.58899361645264792        8.3922294016309937        10.231181700940478        11.407507725021960        12.185603097848235       -2.3982062666261239E-003  -11.128207083214562      -0.37295980051993283       -11.652207922894128       -22.153039775836241       -21.719026638925254       -11.219156181660734      -0.94680599480433347       -23.437669154171161       -32.963703017649465       -22.650884276150396       -43.177892122711164       -31.858760250785149       -42.861014222222934       -22.336828298564249     
 /BM/amat          14   6.8479205194924848        7.7938494242374965        8.2347354783082185        8.3777176467598569       -1.1194961869327880        15.856423702055789        19.241180729549445        21.359057974595508        22.729197269279211        1.2001552477283184E-003  -21.217199710192933      -0.71625154323984486       -22.167540066357883       -42.301996590718055       -41.476899660072498       -21.346328819185473       -1.8435414473613445       -44.691024493136617       -63.022181707237117       -43.186845660150595       -82.576549878255918       -60.901489668375589       -81.963401844921691       -42.582154956006811     
 /BM/amat          15   6.7055787519769217        7.6244825097311821        8.0485479658575496        8.1811312846664812       -1.0957426309720963        15.545808761278375        18.865274784225086        20.933077669183895        22.263738592143593        1.3415690721908513E-002  -20.774762764182977      -0.68850047285261784       -21.702054098613264       -41.428668961056367       -40.618270588080080       -20.895509610493402       -1.8036311993056042       -43.772853123264397       -61.738366905592230       -42.292447654486359       -80.886604237769433       -59.645572375379039       -80.277532509084125       -41.691731770531959     
 /BM/amat          16   3.4523761236832473        3.9602805507081107        4.2084587802222497        4.3001053765634101      -0.56545173214082556        8.0829944846585509        9.8565058918655577        10.982811019751420        11.721505472874759        1.0514416738758747E-002  -10.686358223714047      -0.34353714065527985       -11.186840675533874       -21.280615226361302       -20.861666951636259       -10.768798346659361      -0.90403264675714112       -22.519647822389445       -31.680930766736207       -21.757381158924229       -41.490449186522213       -30.604841703460252       -41.177849634538070       -21.447470379069394     
 /BM/amat          17  0.32496459301775793       0.36823056348947070       0.40899197776770740       0.44798462713975784       -5.1470728507656299E-002  0.48373152643760065       0.54273208413583285       0.63203933119665823       0.73723658745822318      -0.10749364945777540      -0.99884523154937654      -0.18573266045442272       -1.0481326016350780       -1.9898785361096591       -1.9669499979750851       -1.0275191692287817      -0.21846347147121076       -2.0380780589060103       -2.9182315368281371       -2.0071716484491056       -3.8677320198903753       -2.9164254529814007       -3.8979381297558175       -2.0409321937874805     
 /BM/amat          18   7.2481989683721961        8.2908574141125886        8.7949517259835002        8.9778757953230279       -1.1899583707045458        16.852460104115153        20.487176146100207        22.795723611219703        24.312829892723638        2.8935612076264050E-003  -22.450426436041369      -0.73048913594519060       -23.472412193691660       -44.712813775885344       -43.850748746802466       -22.613690449264631       -1.8725925898247855       -47.249827284989216       -66.552272880855739       -45.684593662629311       -87.221634144994539       -64.354456382665830       -86.592261155040561       -45.062998047442569     
