
----------------------------------------------------------------------------------------------------------
                                                  PROGRAM CHAMP
                                                 version 3.08.00
----------------------------------------------------------------------------------------------------------

GIT commit 9ccbb95274540317da9aa7506fcef513ded592d7, Date:   Wed Jul 6 11:16:36 2016 -0400
Compiled by mussard on Tue Jul 12 12:27:10 CEST 2016 on host antares
Executed by mussard on 2016-07-12 12:36:65 (+0200) on master host 
Executable: /home/mussard/softwares/champ/qmc/champ.exe
Command line arguments: -p -m vmc_mov1
Run in mode >vmc_mov1<


Beginning of control menu --------------------------------------------------------------------------------
 type of system: finite system
 trial energy =   -14.620000

 random number seed = 1837465927472523
 number of steps per block              =         10
 number of blocks after equilibration   =         10
 number of blocks before equilibration  =          1
 number of configurations saved         =     0
 number of walkers initialized to        1

 version of Metropolis  =          6
 step size              =    1.00000
 radial step multiplier =    5.00000
 cos(theta) step size   =    1.00000
 force bias             =    1.00000
End of control menu --------------------------------------------------------------------------------------

Beginning of nuclei menu ---------------------------------------------------------------------------------
 system of dimension 3
 number of atomic center types =   1
 number of atomic centers =     1
 geometry:
                  type  charge            cartesian coordinates
 nucleus #    1:    1     4.0        0.000000    0.000000    0.000000

 type of external potential: nloc=    0
 Nuclear potential energy =     0.0000000
End of nuclei menu ---------------------------------------------------------------------------------------

Beginning of wavefunction menu ---------------------------------------------------------------------------
 numbers of total     electrons =     4
 numbers of spin-up   electrons =     2
 numbers of spin-down electrons =     2
End of wavefunction menu ---------------------------------------------------------------------------------

Beginning of basis menu ----------------------------------------------------------------------------------
 use localized basis functions (ibasis=1)
 numr=   -3
 analytical radial basis functions used
 the analytical basis functions are Slater functions

 number of basis functions =     8
 number of analytical basis functions =     8

 center type #     1
 function #     1:     1s       exponent =     6.285179
 function #     2:     1s       exponent =     3.455497
 function #     3:     2s       exponent =     2.774117
 function #     4:     2s       exponent =     1.192734
 function #     5:     2s       exponent =     0.824535
 function #     6:    2px       exponent =     0.986656
 function #     7:    2py       exponent =     0.986656
 function #     8:    2pz       exponent =     0.986656
 not using recursion for spherical harmonics
End of basis menu ----------------------------------------------------------------------------------------

Beginning of orbitals menu -------------------------------------------------------------------------------
 number of orbitals =     8
 orbital coefficients:
  0.093369  0.915836  0.005504 -0.006041 -0.006733  0.000000  0.000000  0.000000
 -0.014480 -0.163225 -0.083169  0.624494  0.459069  0.000000  0.000000  0.000000
  0.000000  0.000000  0.000000  0.000000  0.000000  0.000000  0.000000  1.000000
  0.000000  0.000000  0.000000  0.000000  0.000000  1.000000  0.000000  0.000000
  0.000000  0.000000  0.000000  0.000000  0.000000  0.000000  1.000000  0.000000
 -0.143342  0.128868 -0.647442  3.321945 -2.986689  0.000000  0.000000  0.000000
  0.916555 -2.721666  3.370485 -3.005751  1.736059  0.000000  0.000000  0.000000
 -4.045617  5.658976 -3.236422  1.782572 -0.988422  0.000000  0.000000  0.000000
End of orbitals menu -------------------------------------------------------------------------------------

Beginning of csfs menu -----------------------------------------------------------------------------------
Normalized CSF coefs=  0.949537 -0.181089 -0.181089 -0.181089
Initial CSF rotation coefs=  0.184198  0.184198  0.184198
 number of determinants =     4
 determinants have orbitals (spin-up | spin-down):
 det #     1:    1   2  |   1   2
 det #     2:    1   4  |   1   4
 det #     3:    1   5  |   1   5
 det #     4:    1   3  |   1   3
 number of unique spin-up   determinants =     4
 number of unique spin-down determinants =     4
 unique spin-up determinants have orbitals:
 det #     1:    1   2
 det #     2:    1   4
 det #     3:    1   5
 det #     4:    1   3
 unique spin-down determinants have orbitals:
 det #     1:    1   2
 det #     2:    1   4
 det #     3:    1   5
 det #     4:    1   3

 number of CSFs =     4
 CSF coefficients =   0.949537 -0.181089 -0.181089 -0.181089
 sum of square of CSF coefficients =   1.000000
 CSF #     1
 determinants in CSF:   1
 coefficients: 1.00000
 CSF #     2
 determinants in CSF:   4
 coefficients: 1.00000
 CSF #     3
 determinants in CSF:   3
 coefficients: 1.00000
 CSF #     4
 determinants in CSF:   2
 coefficients: 1.00000

 Orbital occupation information:
 There are   8 total    orbitals
 There are   5 occupied orbitals of indexes:   1   2   3   4   5
 There are   1 closed   orbitals of indexes:   1
 There are   4 active   orbitals of indexes:   2   3   4   5
 There are   0 open     orbitals of indexes:
 There are   3 virtual  orbitals of indexes:   6   7   8
 Last occupied orbital has index   5
 Number of computed orbitals initialized to        5
End of csfs menu -----------------------------------------------------------------------------------------

Beginning of jastrow menu --------------------------------------------------------------------------------
 type of Jastrow factor: ijas=   4
 type of scaling function: isc=   4
 starting spin index: nspin1=   1
 ending   spin index: nspin2=   1
 order of polynomial: nord=   5
 Fock terms: ifock=   0
 analytic Laplacian: ianalyt_lap=   1
 order of e-n polynomial: norda=    5
 order of e-e polynomial: nordb=    5
 order of e-e-n polynomial: nordc=    5
 scale factor: scalek=   0.80000
 a21=   0.00000
 e-n terms: a=  0.000000  0.000000  0.000000  0.000000  0.000000  0.000000
 e-e terms: b=  0.500000  1.000000  0.000000  0.000000  0.000000  0.000000
 e-e-n terms: c=  0.000000  0.000000  0.000000  0.000000  0.000000  0.000000  0.000000  0.000000  0.000000  0.000000  0.000000  0.000000  0.000000  0.000000  0.000000  0.000000  0.000000  0.000000  0.000000  0.000000  0.000000  0.000000  0.000000
End of jastrow menu --------------------------------------------------------------------------------------

Beginning of optimization menu ---------------------------------------------------------------------------
 update of nonlinear parameters in linear optimization method will be done using semiorthogonal derivatives:
 the derivatives will be orthogonalized to [xi Psi_0 +(1-xi) Psi_lin], with xi= 1.00000000E+00
 maximum number of iterations =    1
 stabilization constant: add_diag=  1.0E-08
 fraction of variance: p_var=      0.0000
 energy threshold for convergence =  1.0000E-03
 Requested parameter types: jastrow   csfs      orbitals  exponents 

 Orbital optimization information:
 There are   8 orbitals in the optimization space of indexes:   1   2   3   4   5   6   7   8
 Constructing list of single orbital excitations based on orbital occupancies alone...
 Number of single orbital excitations =          7
 Number of orbital derivatives        =          7
 Number of orbitals involved          =          5
 Constructing list of single orbital excitations checking for additional redundancies...
 Number of single orbital excitations =          7
 Number of orbital derivatives        =          7
 Number of orbitals involved          =          5
 Number of unique spin-up   excited determinants =         18
 Number of unique spin-down excited determinants =         18
 Number of computed orbitals will be        8

 Exponent optimization information:
 Number of exponent parameters =       6
 Exponent parameter #   1 corresponds to basis functions:   1_1s
 Exponent parameter #   2 corresponds to basis functions:   2_1s
 Exponent parameter #   3 corresponds to basis functions:   3_2s
 Exponent parameter #   4 corresponds to basis functions:   4_2s
 Exponent parameter #   5 corresponds to basis functions:   5_2s
 Exponent parameter #   6 corresponds to basis functions:   6_2px   7_2py   8_2pz

 Number of Jastrow parameters:      24
 Number of periodic Jastrow parameters:     0
 Number of CSF parameters:           3
 Number of orbital parameters:       7
 Number of exponent parameters:      6
 Number of geometry parameters:      0
 Total number of parameters:        40

End of optimization menu ---------------------------------------------------------------------------------

*************************************** WAVE FUNCTION OPTIMIZATION ***************************************
1 configuration for  4 electrons has been generated by routine sites.
sites:   -0.313319    0.628839   -0.208193   -0.881718   -0.193128    0.281660    0.605008   -0.230834   -0.536871   -0.024506   -0.056022   -0.310910

Optimization will be done with the linear method.

stabilization turned off in optimization.
OPT: optimization of   24 Jastrow,    3 CSF,      7 orbital,    6 exponent and     0 geometry parameters with linear method:

Beginning optimization iteration #   1

***************************************** START VMC CALCULATION ******************************************

The following averages will be calculated:
- eloc_av                                            = average of eloc
- dpsi_av                                            = average of dpsi
- dpsi_eloc_av                                       = average of dpsi_eloc
- dpsi_dpsi_av                                       = average of dpsi_dpsi
- deloc_av                                           = average of deloc
- dpsi_deloc_av                                      = average of dpsi_deloc
- dpsi_dpsi_eloc_av                                  = average of dpsi_dpsi_eloc
- eloc_sq_av                                         = average of eloc_sq

The following variances will be calculated:
- object 1328                                        = variance of average gradient_norm
- eloc_av_var                                        = variance of average eloc_av
- object   42                                        = variance of average sigma

The following statistical errors will be calculated:
- gradient_norm_err                                  = statistical error of average gradient_norm
- error_sigma                                        = statistical error of average sigma

Beginning of equilibration (total CPU time is       0.02 s, CPU time since last check is       0.02 s)
    enow      eave  (eerr )    peave (peerr)    tpbave(tpberr    tjfave(tjferr    fave  (ferr)     accave     iter     sigma
 -15.10477 -15.10477(    0) -45.26187(    0)  30.15710(    0)  21.97741(    0)                    0.87500        10   0.00000(    0)
End       of equilibration (total CPU time is       0.02 s, CPU time since last check is       0.00 s)
    enow      eave  (eerr )    peave (peerr)    tpbave(tpberr    tjfave(tjferr    fave  (ferr)     accave     iter     sigma
 -14.46468 -14.46468(    0) -23.09322(    0)   8.62853(    0)  11.98111(    0)                    0.85000        10   0.57041(    0)
 -14.70932 -14.58700( 8649) -23.73700(45522)   9.15000(36873)  11.76154(15526)                    0.87500        20   0.47179( 9862)
 -14.61213 -14.59538( 5806) -27.39881(*****)  12.80343(*****)  13.48930(*****)                    0.85833        30   0.44047( 6498)
 -14.22246 -14.50215( 9173) -24.88218(*****)  10.38003(*****)  12.18645(*****)                    0.85625        40   0.57721(14425)
 -14.20866 -14.44345( 9023) -24.28594(*****)   9.84249(*****)  11.89270(*****)                    0.83500        50   0.63646(12648)
 -14.82661 -14.50731( 9514) -26.91444(*****)  12.40713(*****)  13.16759(*****)                    0.84167        60   0.61442(10559)
 -14.55099 -14.51355( 8176) -25.82345(*****)  11.30990(*****)  12.63426(*****)                    0.84643        70   0.62165( 8954)
 -14.85203 -14.55586( 8176) -26.30283(*****)  11.74697(*****)  13.06038(*****)                    0.84688        80   0.63261( 7831)
 -14.53880 -14.55396( 7269) -25.89373(*****)  11.33976(*****)  12.80172(*****)                    0.84167        90   0.61069( 7246)
 -14.98397 -14.59696( 7710) -26.98448(*****)  12.38751(*****)  13.33591(*****)                    0.84250       100   0.61951( 6541)
End       of accumulation (total CPU time is       0.04 s, CPU time since last check is       0.01 s)

vmc_mov1      no title
Final results after         100. passes (nstep =     10, nblk =     10)
physical variable  average       rms error    rms er*rt(pass)   sigma                Tcor
total E =        -14.5969650 +-  0.0770999  0.77100  0.61951  0.61951 +-  0.06541    1.55
potential E =    -26.9844781 +-  2.3529745 23.52974
interaction E =    4.5036037 +-  0.2268205  2.26820
jf kinetic E =    13.3359136 +-  1.1894450 11.89445
pb kinetic E =    12.3875132 +-  2.2939148 22.93915
<r> =              0.0000000 +-  0.0000000  0.00000
<r2> =             4.3709380 +-  0.1698931  1.69893
<r3> =                0.0000 +-    0.00000     0.00
<r4> =                  0.00 +-      0.000      0.0
acceptance         0.8425000

Gradient with respect to the parameters:
gradient component #     1 :  2.00899978E-01 (CSF)
gradient component #     2 : -2.22860910E-01 (CSF)
gradient component #     3 :  5.22291295E-02 (CSF)
gradient component #     4 :  9.92291145E-02 (Jastrow)
gradient component #     5 :  6.52394541E-02 (Jastrow)
gradient component #     6 :  4.80058536E-02 (Jastrow)
gradient component #     7 :  4.02186754E-02 (Jastrow)
gradient component #     8 : -3.28415396E-03 (Jastrow)
gradient component #     9 :  7.39206999E-02 (Jastrow)
gradient component #    10 :  9.80947317E-02 (Jastrow)
gradient component #    11 :  1.12914215E-01 (Jastrow)
gradient component #    12 :  1.22743859E-01 (Jastrow)
gradient component #    13 : -6.94523221E-02 (Jastrow)
gradient component #    14 : -2.95485186E-01 (Jastrow)
gradient component #    15 : -1.89561898E-01 (Jastrow)
gradient component #    16 : -3.32154324E-01 (Jastrow)
gradient component #    17 : -6.77453050E-01 (Jastrow)
gradient component #    18 : -6.31415392E-01 (Jastrow)
gradient component #    19 : -2.86334982E-01 (Jastrow)
gradient component #    20 : -3.40887809E-01 (Jastrow)
gradient component #    21 : -7.39376209E-01 (Jastrow)
gradient component #    22 : -1.11204770E+00 (Jastrow)
gradient component #    23 : -6.48158710E-01 (Jastrow)
gradient component #    24 : -1.35885511E+00 (Jastrow)
gradient component #    25 : -9.89786957E-01 (Jastrow)
gradient component #    26 : -1.32785498E+00 (Jastrow)
gradient component #    27 : -6.17349674E-01 (Jastrow)
gradient component #    28 : -1.11942035E-02 (exponent)
gradient component #    29 : -1.70543796E-01 (exponent)
gradient component #    30 :  7.88222108E-03 (exponent)
gradient component #    31 : -5.86896228E-02 (exponent)
gradient component #    32 : -5.76192028E-02 (exponent)
gradient component #    33 : -9.23208354E-02 (exponent)
gradient component #    34 :  9.17072300E-03 (orbitals)
gradient component #    35 :  7.61815408E-02 (orbitals)
gradient component #    36 :  4.55621838E-01 (orbitals)
gradient component #    37 :  8.38868146E-01 (orbitals)
gradient component #    38 : -2.99808698E-02 (orbitals)
gradient component #    39 : -2.72630486E-01 (orbitals)
gradient component #    40 : -5.70319096E-01 (orbitals)
gradient norm :               3.15975635E+00 +-  8.01331636E-01


Maximum absolute value of local energy derivatives : 6.17397657E+00 (must be zero in VMC within statistical noise except for geometry optimization)

Adding to ovlp_lin  0.0000E+00
 /print_too_much/ovlp           1   1.4194465027519478       -8.1895668112101083E-002  -5.5126377745726929E-002   5.7493847174551194E-003   7.7754310341688893E-003   6.8361763692057487E-003   4.4775711588758149E-003   7.1725367981321647E-003  -7.8514034785576836E-002 -0.10250354491498359      -0.12391860299317603      -0.14299091528403141       -4.8565417787065204E-002  -3.0446514002645975E-002 -0.10015357281313597       -5.1026536871649153E-002  -8.1053825549386893E-002  -5.5530448787290965E-002  -2.5181001835136163E-002 -0.14932252278980440      -0.10752125292389847      -0.13207026035123715       -6.6978249280633673E-002 -0.12220636227804516       -7.6427202029247354E-002 -0.10700347735891658       -5.1447963240161876E-002   6.0671841518274497E-004   3.8337728711019432E-002   1.3040010295121800E-002 -0.14152387036412484        6.4190813266017249E-002   1.2614036747299020E-002   2.7248886763595253E-002  -6.2254302026288823E-002 -0.22287650078691174       -3.3215122778823374E-003   3.3738557117501372E-002 -0.33212081928524195      -0.17707465723313651     
 /print_too_much/ovlp           2  -8.1895668112101083E-002   1.1826400907731551      -0.10259196856203041       -3.1815785425953882E-002  -3.5547115972703852E-002  -3.8986105674053501E-002  -4.1295132946060242E-002   9.9315372639566229E-003 -0.14514674233946681      -0.18653139157335258      -0.21825600163309702      -0.24385309524157162       -2.8073547173892037E-002  0.10271223346199115       -4.9299793784502222E-002   9.7584042559055478E-002  0.19778345875682013       0.20243955544679113       0.10225328617280786       -6.3812719486004518E-002  0.20014725613382406       0.29504562115872202       0.20617272354384822       0.40414092213510100       0.30024516870112938       0.40328382015927511       0.20525130631312505        2.7056704104145256E-003  -1.0119551311385511E-003   5.3417384830346092E-003   4.3249940182508769E-003   9.7712596448555594E-002   8.7271671012205926E-002   5.5704703516729577E-002   1.5475099563862921E-002  0.14542483779441284      -0.22520548249897662        7.7801357346078681E-002  0.17711517448492764       0.29009498403780259     
 /print_too_much/ovlp           3  -5.5126377745726929E-002 -0.10259196856203041       0.61930308782418908        3.7904970706252872E-003  -1.1871437278918595E-003  -6.6668197980344068E-003  -1.1759242352183286E-002   2.2082371814314133E-003  -3.1340026704912649E-002  -4.9437767046790704E-002  -6.5976757289800680E-002  -8.0510851695541952E-002  -1.5905468176031001E-002  -2.1672298998585582E-002  -3.3058175361053932E-002  -2.4458801242283723E-002  -5.4729475196003907E-002  -4.6411901292759072E-002  -1.5939877670357649E-002  -4.9724338161196258E-002  -5.8292539542865729E-002  -8.9719156913200315E-002  -4.5132817141972037E-002 -0.10559198435288852       -7.1155494264412589E-002 -0.10011620694488954       -3.9416453951572450E-002   4.1043245241710775E-005  -2.4811780981881110E-003   6.3920078389896415E-003  -2.1507676485202229E-002   8.8887030393122748E-002  -4.1635222169429706E-002   3.2610558307536577E-002   2.0096431805187519E-002  -2.1730009860346965E-002  -2.9061149580947541E-002  0.13560001277519257      -0.25887105996563853       -5.2646541885758513E-002
 /print_too_much/ovlp           4   5.7493847174551194E-003  -3.1815785425953882E-002   3.7904970706252872E-003   8.4495201448245183E-002   9.2130434877699230E-002   9.5304083835422659E-002   9.6074792700555633E-002  -1.3430149692577276E-002  0.18632337402632260       0.22461628197564920       0.24857090031571971       0.26414786054996853       -2.3533244342708315E-003 -0.26166335418345099       -1.5588360975538507E-002 -0.27239996320580673      -0.52718297863022912      -0.51624567912143959      -0.26146491484353973       -3.5226012301867726E-002 -0.55472451561846015      -0.79197161396390925      -0.53418325216784268       -1.0355344666593425      -0.76318209235168410       -1.0272827373896547      -0.52592579712745646       -1.1152771591630486E-003  -3.1573360694369362E-002  -3.2118260887129824E-003 -0.17348601344488257      -0.14887275790609034       -6.3281003399448726E-002   3.4705061278683808E-003   1.3491247614283663E-002   7.5483999117368916E-002   5.2968861960482450E-002 -0.26099523952882020      -0.23166522550744861       -7.4264497879753311E-002
 /print_too_much/ovlp           5   7.7754310341688893E-003  -3.5547115972703852E-002  -1.1871437278918595E-003   9.2130434877699230E-002  0.10613912242672541       0.11310025311480132       0.11604839295053182       -1.4786913559436066E-002  0.21608314099007231       0.26596136485244415       0.29828448402865604       0.31995868940785499       -9.4448404985936207E-004 -0.28599593687056313       -1.2967542954818612E-002 -0.30029193949448540      -0.57059152427636661      -0.55826200640802881      -0.28796748847791065       -3.1133087141940408E-002 -0.60533165223181129      -0.85072206528734284      -0.58271136381719657       -1.1110693570037142      -0.81877487042311259       -1.1017411382328817      -0.57338259514490630       -3.5491998613168541E-004  -1.6145449123808137E-002  -4.5116788306936995E-003 -0.20548262912888293      -0.18563404490111535       -7.2679148067418653E-002  -1.1789071106905746E-003  -4.3044256073734855E-003   1.2801512318931341E-002   1.1028734253426986E-002 -0.33005152517008585      -0.22874243093287694       -5.7020048378205401E-002
 /print_too_much/ovlp           6   6.8361763692057487E-003  -3.8986105674053501E-002  -6.6668197980344068E-003   9.5304083835422659E-002  0.11310025311480132       0.12261793966409584       0.12727693749958746       -1.5311966306409630E-002  0.23078903386186767       0.28795334633133507       0.32602393825517595       0.35223311496315546       -5.9831511355845635E-004 -0.29582089985113669       -1.2517778934189039E-002 -0.31261696328938626      -0.58735455214024057      -0.57414074582558783      -0.29940644460944554       -3.0469900264872507E-002 -0.62659510507367600      -0.87254352687403980      -0.60257693977969495       -1.1377517418875982      -0.83861413969856358       -1.1278392097813139      -0.59266218773821322        9.6763951887984812E-006  -7.3441362887625705E-003  -5.3179202921987412E-003 -0.21991706356067819      -0.20907875853053581       -7.8079181025322242E-002  -4.7101162121518936E-003  -1.5272967183337816E-002  -2.3021300852381410E-002  -3.6597307951360403E-003 -0.37284520021401069      -0.20647716174499164       -4.6775417847801926E-002
 /print_too_much/ovlp           7   4.4775711588758149E-003  -4.1295132946060242E-002  -1.1759242352183286E-002   9.6074792700555633E-002  0.11604839295053182       0.12727693749958746       0.13326281181122113       -1.5387315680638114E-002  0.23682829042823528       0.29850650052090089       0.34052952184447349       0.37012796982395457       -8.4968694713705162E-004 -0.29785846373214042       -1.3266866486079110E-002 -0.31642256287571513      -0.58999066504850362      -0.57620046987904061      -0.30263315143251646       -3.1681928377246038E-002 -0.63201971394602197      -0.87496623984546318      -0.60703184639586993       -1.1389466525261298      -0.83976214395372040       -1.1287285825352740      -0.59680833999257743        1.7371728377799101E-004  -2.7247628933966261E-003  -5.7789028938300957E-003 -0.22436214646036978      -0.22408075458389498       -8.1346767090746674E-002  -7.0712629602471266E-003  -2.1108020864689658E-002  -4.1020190522080502E-002  -6.9608853588642994E-003 -0.39883805856658516      -0.17707443378348464       -4.2171347558710881E-002
 /print_too_much/ovlp           8   7.1725367981321647E-003   9.9315372639566229E-003   2.2082371814314133E-003  -1.3430149692577276E-002  -1.4786913559436066E-002  -1.5311966306409630E-002  -1.5387315680638114E-002   2.4936374353976137E-003  -3.2894908654412358E-002  -3.8956764857710269E-002  -4.2598221801636083E-002  -4.4870387612230722E-002  -1.7328447067243014E-003   4.1789342035696286E-002  -2.3526020103709078E-003   4.2306932298574296E-002   8.2877555217450993E-002   8.2282830782683725E-002   4.1722922848132615E-002  -2.1527156983270901E-003   8.5717338280622890E-002  0.12330621606169867        8.4447012560908252E-002  0.16415962077183632       0.12141350221644931       0.16354077065717920        8.3839573198295714E-002   1.4206818216520607E-004   4.0400544343260972E-003   6.3700787229128975E-004   2.7985234431663814E-002   2.4364661441758070E-002   9.6085766886140969E-003   7.7558797563950788E-004  -1.2628711653515541E-003  -7.3549627243986587E-003  -5.8953758515878918E-003   4.1936980664338402E-002   4.1728574698687043E-002   1.3084595536881558E-002
 /print_too_much/ovlp           9  -7.8514034785576836E-002 -0.14514674233946681       -3.1340026704912649E-002  0.18632337402632260       0.21608314099007231       0.23078903386186767       0.23682829042823528       -3.2894908654412358E-002  0.47130313246514532       0.57642343159992038       0.64363973781966877       0.68814759882697274        1.7678339028977419E-002 -0.57988507418954782        1.6657114707578913E-002 -0.59909057332300364       -1.1457303125995253       -1.1306447145536396      -0.58418373328274953        3.5766580774527768E-003  -1.2043998121652919       -1.6990904007654564       -1.1751562697943712       -2.2428867713502854       -1.6566034902465816       -2.2297015990685338       -1.1621600631865476       -6.3824645598206664E-004  -2.2863226535048076E-002  -1.0433347992156783E-002 -0.41385947447057414      -0.38744387048906237      -0.14904298681878730       -1.9305647767845435E-002  -2.2160804490884367E-002  -3.2204965104825123E-002   3.1478205857807251E-002 -0.67514877720356503      -0.49541536008044729      -0.14684828027973440     
 /print_too_much/ovlp          10 -0.10250354491498359      -0.18653139157335258       -4.9437767046790704E-002  0.22461628197564920       0.26596136485244415       0.28795334633133507       0.29850650052090089       -3.8956764857710269E-002  0.57642343159992038       0.71548545933165997       0.80728026376257844       0.87002771111571064        1.7696037980885038E-002 -0.69808822509205726        1.0868974946861343E-002 -0.72788293311430152       -1.3775487462826703       -1.3558669405772008      -0.70641334984203752       -1.0940987880090347E-002  -1.4583961889312320       -2.0408388230903540       -1.4171088651854404       -2.6832879548694279       -1.9813702777990727       -2.6651731595969466       -1.3992126663625015       -2.9730402793845534E-004  -1.4771573586118802E-002  -1.3813579582175661E-002 -0.50337399740039768      -0.49944359348523792      -0.19067883857931928       -2.9002776288858584E-002  -4.2508893449996810E-002  -8.5625415206808775E-002   2.6748532542341552E-002 -0.87060516176189617      -0.51145528006789287      -0.15402112662103706     
 /print_too_much/ovlp          11 -0.12391860299317603      -0.21825600163309702       -6.5976757289800680E-002  0.24857090031571971       0.29828448402865604       0.32602393825517595       0.34052952184447349       -4.2598221801636083E-002  0.64363973781966877       0.80728026376257844       0.91793501531108745       0.99544648230042299        1.6475325365069793E-002 -0.77120883533855533        4.2281058639179747E-003 -0.80937070913242337       -1.5208949518323607       -1.4942783099071448      -0.78297874843396187       -2.4919390379139372E-002  -1.6179343535027897       -2.2521586166778889       -1.5676830331374845       -2.9526344669129116       -2.1802319604097136       -2.9310264541377933       -1.5462995801352974       -9.1622143486680407E-005  -8.7931670744127444E-003  -1.6235560907834790E-002 -0.55616635425131822      -0.58019943245112726      -0.22207568333606226       -3.6474776628395766E-002  -5.6411287811639121E-002 -0.12115915802481581        2.9921234993583568E-002  -1.0086352123484543      -0.48475191112827387      -0.15578509379802452     
 /print_too_much/ovlp          12 -0.14299091528403141      -0.24385309524157162       -8.0510851695541952E-002  0.26414786054996853       0.31995868940785499       0.35223311496315546       0.37012796982395457       -4.4870387612230722E-002  0.68814759882697274       0.87002771111571064       0.99544648230042299        1.0850834138190635        1.4832165158873423E-002 -0.81801844008384705       -2.1689829839885988E-003 -0.86274597880515103       -1.6127132143581946       -1.5824081194868995      -0.83266912606210042       -3.7379518037617743E-002  -1.7216975154319414       -2.3876508266975520       -1.6647485530682502       -3.1233589491478710       -2.3065404567940959       -3.0992627709838416       -1.6408732385177700        1.4626258551309057E-005  -4.9403252144176735E-003  -1.7966934990198302E-002 -0.58677358540313751      -0.64027262774597515      -0.24766440725771333       -4.2153830775726042E-002  -6.4732240948559783E-002 -0.14286804011048160        3.6701448030887818E-002  -1.1080945214624578      -0.44057923116713571      -0.15725725015297431     
 /print_too_much/ovlp          13  -4.8565417787065204E-002  -2.8073547173892037E-002  -1.5905468176031001E-002  -2.3533244342708315E-003  -9.4448404985936207E-004  -5.9831511355845635E-004  -8.4968694713705162E-004  -1.7328447067243014E-003   1.7678339028977419E-002   1.7696037980885038E-002   1.6475325365069793E-002   1.4832165158873423E-002   1.4393599507105170E-002   6.6034366172935677E-003   3.2921817005692633E-002   1.4411127153530323E-002   2.2745199888857925E-002   1.4835734410082679E-002   6.3886241918531539E-003   5.2686797600824731E-002   3.2739119788986137E-002   4.2718856092500701E-002   1.9092780616965399E-002   3.6768372205649769E-002   2.4321929041855483E-002   3.1973271865387787E-002   1.4163910645992317E-002   3.9925771314459034E-004   1.0644761849358766E-002  -7.4510969831170434E-004  -2.2747240866450580E-003  -1.3614570830440403E-003   4.6657329798289737E-003  -9.5055366216938650E-003  -8.7144587706557280E-003  -4.9951916191877235E-002  -2.2508713851550587E-002   1.8202111600579135E-003  -3.6308607232273957E-002  -5.1415701835082622E-003
 /print_too_much/ovlp          14  -3.0446514002645975E-002  0.10271223346199115       -2.1672298998585582E-002 -0.26166335418345099      -0.28599593687056313      -0.29582089985113669      -0.29785846373214042        4.1789342035696286E-002 -0.57988507418954782      -0.69808822509205726      -0.77120883533855533      -0.81801844008384705        6.6034366172935677E-003  0.81349380378967595        4.6530405354276994E-002  0.84636642691306463        1.6380742305442624        1.6039593346887955       0.81224759126959611       0.10605990932046261        1.7233733555089970        2.4595387345012085        1.6596017937963978        3.2167101060728669        2.3698496996356369        3.1907768979216371        1.6336383931221548        3.2273424072958856E-003   9.1830804033043473E-002   9.5919545912457327E-003  0.54572908500133233       0.45855841524679630       0.19414416758025266       -1.0986270492913480E-002  -3.1439782416144646E-002 -0.20593450451731043      -0.14768962640392036       0.80624117866810008       0.75231952063015795       0.24651174850348256     
 /print_too_much/ovlp          15 -0.10015357281313597       -4.9299793784502222E-002  -3.3058175361053932E-002  -1.5588360975538507E-002  -1.2967542954818612E-002  -1.2517778934189039E-002  -1.3266866486079110E-002  -2.3526020103709078E-003   1.6657114707578913E-002   1.0868974946861343E-002   4.2281058639179747E-003  -2.1689829839885988E-003   3.2921817005692633E-002   4.6530405354276994E-002   7.7317941943676471E-002   6.5811995102723841E-002  0.11588843656249459        9.6420233010352518E-002   4.6110586805845344E-002  0.12587731931291479       0.14247387443424131       0.19469444340829511       0.10840759926374233       0.21023603957180370       0.14862128049702861       0.19813408494301044        9.6024088754518289E-002   1.1937499562675955E-003   2.9534116920905996E-002  -1.2019289321237095E-003   1.2005717923119497E-002   1.6205696619338267E-002   1.9558306208422666E-002  -2.0424111841876237E-002  -2.1577368300703420E-002 -0.12639582120903148       -7.0973756830844420E-002   3.5587781281042383E-002  -6.2958120985825899E-002   3.1284270731885555E-003
 /print_too_much/ovlp          16  -5.1026536871649153E-002   9.7584042559055478E-002  -2.4458801242283723E-002 -0.27239996320580673      -0.30029193949448540      -0.31261696328938626      -0.31642256287571513        4.2306932298574296E-002 -0.59909057332300364      -0.72788293311430152      -0.80937070913242337      -0.86274597880515103        1.4411127153530323E-002  0.84636642691306463        6.5811995102723841E-002  0.88709496022978129        1.7066879821033609        1.6662484214852782       0.84659654452157440       0.13807730448544042        1.8046039546829604        2.5642342813052181        1.7298734507513558        3.3405525420965319        2.4594937465128197        3.3105042452420150        1.6997281310447363        3.1391809279054245E-003   9.1026857956787111E-002   1.0342473294984944E-002  0.57081556382295240       0.49108848617854339       0.20746655252488733       -1.2466345388219391E-002  -2.6216829146765430E-002 -0.20304082660181549      -0.14714095887221235       0.86738170864703523       0.72871872038298247       0.23550467054455682     
 /print_too_much/ovlp          17  -8.1053825549386893E-002  0.19778345875682013       -5.4729475196003907E-002 -0.52718297863022912      -0.57059152427636661      -0.58735455214024057      -0.58999066504850362        8.2877555217450993E-002  -1.1457303125995253       -1.3775487462826703       -1.5208949518323607       -1.6127132143581946        2.2745199888857925E-002   1.6380742305442624       0.11588843656249459        1.7066879821033609        3.3087617244098055        3.2358545926793454        1.6337164516518641       0.25012346761392479        3.4824718518080431        4.9787782590172469        3.3463019245355383        6.5009768289502290        4.7878944756819806        6.4462060376993975        3.2913984601575805        7.4859564966308356E-003  0.20583952509617515        1.8094595975308714E-002   1.0800744179517308       0.90342289991372615       0.39089796612771643       -3.0382504916672826E-002  -8.2886641774731928E-002 -0.49890111398845471      -0.35431307072474971        1.5853332873446111        1.5053846126485468       0.51671617311079143     
 /print_too_much/ovlp          18  -5.5530448787290965E-002  0.20243955544679113       -4.6411901292759072E-002 -0.51624567912143959      -0.55826200640802881      -0.57414074582558783      -0.57620046987904061        8.2282830782683725E-002  -1.1306447145536396       -1.3558669405772008       -1.4942783099071448       -1.5824081194868995        1.4835734410082679E-002   1.6039593346887955        9.6420233010352518E-002   1.6662484214852782        3.2358545926793454        3.1689992050719695        1.5993882314262748       0.21768758553663403        3.3993419708362183        4.8657285477956691        3.2736998822276746        6.3646835426579287        4.6893674288338616        6.3139328236995595        3.2228893200399966        7.3401768879871876E-003  0.20136274914270097        1.7889974703836964E-002   1.0579870675952945       0.88278875209505725       0.37958008237672158       -2.6616943348986066E-002  -8.2561640167662209E-002 -0.48333579399023374      -0.34611398359932788        1.5461917960106439        1.4988972608497262       0.51458811702516871     
 /print_too_much/ovlp          19  -2.5181001835136163E-002  0.10225328617280786       -1.5939877670357649E-002 -0.26146491484353973      -0.28796748847791065      -0.29940644460944554      -0.30263315143251646        4.1722922848132615E-002 -0.58418373328274953      -0.70641334984203752      -0.78297874843396187      -0.83266912606210042        6.3886241918531539E-003  0.81224759126959611        4.6110586805845344E-002  0.84659654452157440        1.6337164516518641        1.5993882314262748       0.81227318225634804       0.10529723391062618        1.7213513285935704        2.4510508797502837        1.6572388389988788        3.2042156009721054        2.3609570258913521        3.1782226223599821        1.6312263088958758        2.9900112485516245E-003   8.6514473793965374E-002   1.0135631252902289E-002  0.54871235096134874       0.47047389841004272       0.19621066388854724       -8.6333364387967959E-003  -2.5948888996808195E-002 -0.18731649288768920      -0.13862417752396061       0.82817322835585683       0.72255136484856786       0.23371592863525614     
 /print_too_much/ovlp          20 -0.14932252278980440       -6.3812719486004518E-002  -4.9724338161196258E-002  -3.5226012301867726E-002  -3.1133087141940408E-002  -3.0469900264872507E-002  -3.1681928377246038E-002  -2.1527156983270901E-003   3.5766580774527768E-003  -1.0940987880090347E-002  -2.4919390379139372E-002  -3.7379518037617743E-002   5.2686797600824731E-002  0.10605990932046261       0.12587731931291479       0.13807730448544042       0.25012346761392479       0.21768758553663403       0.10529723391062618       0.20722344543996485       0.29599353478123192       0.41038249167108631       0.23869645045301269       0.46516441726421931       0.33278921954148899       0.44472428152584342       0.21783431556657717        2.2891650067535588E-003   5.4093996140862174E-002  -1.5062435043621258E-003   3.5398730093479269E-002   4.3662562595134458E-002   3.9456024693127492E-002  -3.1508204487131472E-002  -3.7481936424940035E-002 -0.21982224735568370      -0.13966693608683203        8.5249155066743729E-002  -7.8649052796604974E-002   2.3324768203307339E-002
 /print_too_much/ovlp          21 -0.10752125292389847       0.20014725613382406       -5.8292539542865729E-002 -0.55472451561846015      -0.60533165223181129      -0.62659510507367600      -0.63201971394602197        8.5717338280622890E-002  -1.2043998121652919       -1.4583961889312320       -1.6179343535027897       -1.7216975154319414        3.2739119788986137E-002   1.7233733555089970       0.14247387443424131        1.8046039546829604        3.4824718518080431        3.3993419708362183        1.7213513285935704       0.29599353478123192        3.6784670814476499        5.2404957496284510        3.5243705261135858        6.8255959206932175        5.0247605327376164        6.7638746032719723        3.4624428208364861        7.3329415456072078E-003  0.20483393585269610        1.9829238898359303E-002   1.1449224179985777       0.97412213689606242       0.41921400441472723       -3.1139690397933240E-002  -7.2412585467685142E-002 -0.48675386649626162      -0.35068488511005524        1.7158438872259834        1.5122714003669551       0.51052834301927974     
 /print_too_much/ovlp          22 -0.13207026035123715       0.29504562115872202       -8.9719156913200315E-002 -0.79197161396390925      -0.85072206528734284      -0.87254352687403980      -0.87496623984546318       0.12330621606169867       -1.6990904007654564       -2.0408388230903540       -2.2521586166778889       -2.3876508266975520        4.2718856092500701E-002   2.4595387345012085       0.19469444340829511        2.5642342813052181        4.9787782590172469        4.8657285477956691        2.4510508797502837       0.41038249167108631        5.2404957496284510        7.5034002855641688        5.0290941056719021        9.7881118212530964        7.2077102867756935        9.7037192871115394        4.9444510029678952        1.2471120748224956E-002  0.33326541576992563        2.5953992086136024E-002   1.5990293123544479        1.3364363833188886       0.58647991725561821       -5.2670487915193243E-002 -0.14611410394111068      -0.84305710229466457      -0.60799081857376258        2.3396482885537204        2.2458588057478055       0.80428933275760550     
